cut_off	num_rel	true_recall	SWIFT	SWIFT+forget0.1	SWIFT+forget0.2	SWIFT+forget0.5
30	6	0.5	0.00046603390082652354	0.00046143197723602246	0.0004633920296570899	0.00046849379245724994
60	7	0.5833333333333334	0.0012609831320494033	0.0012665098606839153	0.0013008734435978444	0.0014129995962858296
90	7	0.5833333333333334	0.001912859376471277	0.0019701660568533634	0.0020889286780065653	0.0025152712899748474
120	7	0.5833333333333334	0.002564492591924288	0.002711076684740511	0.0029686174724342664	0.003981797497155859
150	7	0.5833333333333334	0.0032158832350797162	0.003493013972055888	0.0039503386004514675	0.005932203389830509
180	9	0.75	0.004744259601258872	0.004707112970711297	0.004810261892036344	0.004909983633387889
210	12	1.0	0.002015752734375076	0.0019743336623889436	0.001973359644795264	0.0019611047556790323
240	12	1.0	0.0031321076869802655	0.003145478374836173	0.003244997295835587	0.003572491813039595
270	12	1.0	0.004245968192680161	0.00437636761487965	0.004662004662004662	0.005717008099094807
300	12	1.0	0.005357342163351616	0.005671077504725898	0.006243496357960458	0.008559201141226819
330	12	1.0	0.006466238111879031	0.007033997655334115	0.008005336891260841	0.012332990750256937
360	12	1.0	0.007572664582935882	0.008468595624558928	0.00997506234413965	0.01729106628242075
390	12	1.0	0.008676628722723366	0.00997506234413965	0.0121580547112462	0.023809523809523808
420	12	1.0	0.009778139932211907	0.011571841851494697	0.014598540145985401	0.03234501347708895
450	12	1.0	0.010877205965329605	0.013245033112582781	0.017316017316017316	0.04332129963898917
480	12	1.0	0.01197383495488039	0.015	0.020338983050847456	0.05741626794258373
510	12	1.0	0.013068034997707707	0.016853932584269662	0.023668639053254437	0.07547169811320754
540	12	1.0	0.014159814154723257	0.018808777429467086	0.0273972602739726	0.09836065573770492
570	12	1.0	0.015249180876599606	0.020833333333333332	0.031496062992125984	0.12631578947368421
600	12	1.0	0.0163361408910089	0.022988505747126436	0.03614457831325301	0.16
630	12	1.0	0.017420706387387068	0.02526315789473684	0.0410958904109589	0.2
660	12	1.0	0.01850288190122225	0.027649769585253458	0.04669260700389105	0.24489795918367346
690	12	1.0	0.019582679131387632	0.03015075376884422	0.05286343612334802	0.3
720	12	1.0	0.02066009744436556	0.03278688524590164	0.05970149253731343	0.35294117647058826
750	12	1.0	0.021735153134035644	0.03550295857988166	0.0670391061452514	0.41379310344827586
780	12	1.0	0.02280785117016644	0.038461538461538464	0.075	0.48
810	12	1.0	0.02387819928366277	0.04152249134948097	0.08391608391608392	0.5217391304347826
840	12	1.0	0.024946205193360906	0.04460966542750929	0.09375	0.6
870	12	1.0	0.02601187657891773	0.048	0.10434782608695652	0.631578947368421
900	12	1.0	0.027075221086401625	0.05150214592274678	0.11538461538461539	0.7058823529411765
930	12	1.0	0.028136246328592587	0.055299539170506916	0.1276595744680851	0.75
960	12	1.0	0.029194952626835805	0.059113300492610835	0.1411764705882353	0.75
990	12	1.0	0.030251359885868027	0.06315789473684211	0.15584415584415584	0.8
1020	12	1.0	0.031305482094050464	0.06741573033707865	0.17142857142857143	0.8571428571428571
1050	12	1.0	0.03235731973095712	0.07142857142857142	0.1875	0.8571428571428571
1080	12	1.0	0.03340686122740414	0.07643312101910828	0.2033898305084746	0.8571428571428571
1110	12	1.0	0.034454115366453396	0.08108108108108109	0.2222222222222222	0.9230769230769231
1140	12	1.0	0.03549911614432363	0.08571428571428572	0.24	0.9230769230769231
1170	12	1.0	0.03654185737978982	0.09090909090909091	0.2608695652173913	0.9230769230769231
1200	12	1.0	0.03758234639326108	0.0967741935483871	0.2857142857142857	0.9230769230769231
1230	12	1.0	0.03862057614576968	0.10256410256410256	0.3076923076923077	0.9230769230769231
1260	12	1.0	0.03965659687885347	0.10810810810810811	0.32432432432432434	0.9230769230769231
1290	12	1.0	0.04069036768979905	0.11428571428571428	0.35294117647058826	1.0
1320	12	1.0	0.04172191851026618	0.12	0.375	1.0
1350	12	1.0	0.042751246847569056	0.1276595744680851	0.4	1.0
1380	12	1.0	0.04377838978504377	0.13333333333333333	0.42857142857142855	1.0
1410	12	1.0	0.04480333998711632	0.1411764705882353	0.4444444444444444	1.0
1440	12	1.0	0.04582604663561998	0.14814814814814814	0.46153846153846156	1.0
1470	12	1.0	0.046846585476802566	0.15584415584415584	0.5	1.0
1500	12	1.0	0.04786495248208768	0.1643835616438356	0.5217391304347826	1.0
1530	12	1.0	0.04888114129931096	0.17142857142857143	0.5454545454545454	1.0
1560	12	1.0	0.04989516309326563	0.1791044776119403	0.5714285714285714	1.0
1590	12	1.0	0.050907015011958164	0.1875	0.6	1.0
1620	12	1.0	0.05191673466727559	0.19672131147540983	0.6	1.0
1650	12	1.0	0.052924297708124096	0.20689655172413793	0.631578947368421	1.0
1680	12	1.0	0.053929721537948415	0.21428571428571427	0.6666666666666666	1.0
1710	12	1.0	0.054933009557326544	0.22641509433962265	0.6666666666666666	1.0
1740	12	1.0	0.055934178503086074	0.23529411764705882	0.7058823529411765	1.0
1770	12	1.0	0.056933225157907566	0.24489795918367346	0.7058823529411765	1.0
1800	12	1.0	0.057930128925342904	0.2553191489361702	0.7058823529411765	1.0
1830	12	1.0	0.05892501195931349	0.26666666666666666	0.75	1.0
1860	12	1.0	0.05991771866710728	0.27906976744186046	0.75	1.0
1890	12	1.0	0.06090832224991441	0.2857142857142857	0.75	1.0
1920	12	1.0	0.06189690870768337	0.3	0.8	1.0
1950	12	1.0	0.06288338186797901	0.3076923076923077	0.8	1.0
1980	12	1.0	0.06386778253279748	0.32432432432432434	0.8	1.0
2010	12	1.0	0.06485011456865289	0.3333333333333333	0.8	1.0
2040	12	1.0	0.06583039244622893	0.34285714285714286	0.8571428571428571	1.0
2070	12	1.0	0.06680860630223974	0.35294117647058826	0.8571428571428571	1.0
2100	12	1.0	0.0677847903180464	0.36363636363636365	0.8571428571428571	1.0
2130	12	1.0	0.06875892582627555	0.375	0.8571428571428571	1.0
2160	12	1.0	0.06973100790882499	0.3870967741935484	0.8571428571428571	1.0
2190	12	1.0	0.07070110193859735	0.4	0.8571428571428571	1.0
2220	12	1.0	0.07166915523770698	0.41379310344827586	0.8571428571428571	nan
2250	12	1.0	0.07263519378898803	0.42857142857142855	0.9230769230769231	1.0
2280	12	1.0	0.0735992456673286	0.4444444444444444	0.9230769230769231	nan
2310	12	1.0	0.07456125175238311	0.46153846153846156	0.9230769230769231	1.0
2340	12	1.0	0.0755212747342619	0.46153846153846156	0.9230769230769231	nan
2370	12	1.0	0.07647932577857275	0.48	0.9230769230769231	1.0
2400	12	1.0	0.07743541030123582	0.48	0.9230769230769231	nan
2430	12	1.0	0.07838942581072877	0.5	0.9230769230769231	nan
2460	12	1.0	0.07934160248119722	0.5217391304347826	0.9230769230769231	1.0
2490	12	1.0	0.08029176217304684	0.5217391304347826	0.9230769230769231	nan
2520	12	1.0	0.0812399947338979	0.5454545454545454	0.9230769230769231	1.0
2550	12	1.0	0.08218613752624065	0.5454545454545454	0.9230769230769231	1.0
2580	12	1.0	0.083130422934665	0.5714285714285714	0.9230769230769231	1.0
2610	12	1.0	0.08407276616833048	0.5714285714285714	0.9230769230769231	1.0
2640	12	1.0	0.08501306366563753	0.5714285714285714	0.9230769230769231	nan
2670	12	1.0	0.08595165655165746	0.6	0.9230769230769231	1.0
2700	12	1.0	0.08688815427527365	0.6	0.9230769230769231	1.0
2730	12	1.0	0.08782285313732321	0.631578947368421	1.0	1.0
2760	12	1.0	0.08875558139916925	0.631578947368421	1.0	1.0
2790	12	1.0	0.08968640412355322	0.631578947368421	1.0	nan
2820	12	1.0	0.09061537613670555	0.631578947368421	1.0	nan
2850	12	1.0	0.09154235627493605	0.6666666666666666	1.0	1.0
2880	12	1.0	0.09246762257905451	0.6666666666666666	1.0	nan
2910	12	1.0	0.0933906840962325	0.6666666666666666	1.0	nan
2940	12	1.0	0.094312137944965	0.7058823529411765	1.0	nan
2970	12	1.0	0.0952316492297786	0.7058823529411765	1.0	nan
3000	12	1.0	0.09614929573392356	0.7058823529411765	1.0	nan
3030	12	1.0	0.09706508167246757	0.7058823529411765	1.0	nan
3060	12	1.0	0.0979790633339957	0.7058823529411765	1.0	nan
3090	12	1.0	0.09889118957773015	0.75	1.0	nan
3120	12	1.0	0.09980134011231111	0.75	1.0	nan
3150	12	1.0	0.10070958412848235	0.75	1.0	1.0
3180	12	1.0	0.10161631787140035	0.75	1.0	1.0
3210	12	1.0	0.10252101340131835	0.75	1.0	nan
3240	12	1.0	0.10342399153785392	0.75	1.0	nan
3270	12	1.0	0.10432510301858126	0.8	1.0	1.0
3300	12	1.0	0.1052244052271549	0.8	1.0	nan
3330	12	1.0	0.10612181914229499	0.8	1.0	nan
3360	12	1.0	0.10701760259243202	0.8	1.0	nan
3390	12	1.0	0.10791150869053646	0.8	1.0	1.0
3420	12	1.0	0.108803626922866	0.8	1.0	nan
3450	12	1.0	0.10969396264138778	0.8	1.0	nan
3480	12	1.0	0.11058252104177745	0.8	1.0	1.0
3510	12	1.0	0.11146930786386991	0.8	1.0	1.0
3540	12	1.0	0.1123543278328754	0.8571428571428571	1.0	1.0
3570	12	1.0	0.11323758680223422	0.8571428571428571	1.0	nan
3600	12	1.0	0.11411908958308013	0.8571428571428571	1.0	1.0
3630	12	1.0	0.1149988415551961	0.8571428571428571	1.0	nan
3660	12	1.0	0.11587684793253615	0.8571428571428571	1.0	nan
3690	12	1.0	0.11675311374666247	0.8571428571428571	1.0	nan
3720	12	1.0	0.11762764463747002	0.8571428571428571	1.0	nan
3750	12	1.0	0.1185004452805058	0.8571428571428571	1.0	nan
3780	12	1.0	0.11937152096466384	0.8571428571428571	1.0	nan
3810	12	1.0	0.12024072180617632	0.8571428571428571	1.0	nan
3840	12	1.0	0.12110851884173518	0.8571428571428571	1.0	nan
3870	12	1.0	0.12197444924569102	0.8571428571428571	1.0	nan
3900	12	1.0	0.12283867598200089	0.8571428571428571	1.0	nan
3930	12	1.0	0.12370120309932432	0.8571428571428571	1.0	nan
3960	12	1.0	0.12456203440033756	0.9230769230769231	1.0	nan
3990	12	1.0	0.12542127852706278	0.9230769230769231	1.0	nan
4020	12	1.0	0.12627863673998527	0.9230769230769231	1.0	nan
4050	12	1.0	0.12713441528398908	0.9230769230769231	1.0	nan
4080	12	1.0	0.12798851905392725	0.9230769230769231	1.0	nan
4110	12	1.0	0.12884094375668864	0.9230769230769231	1.0	nan
4140	12	1.0	0.12969168383959226	0.9230769230769231	1.0	nan
4170	12	1.0	0.13054083079319703	0.9230769230769231	1.0	nan
4200	12	1.0	0.13138828441706626	0.9230769230769231	1.0	nan
4230	12	1.0	0.132234087643902	0.9230769230769231	1.0	nan
4260	12	1.0	0.1330782452783322	0.9230769230769231	1.0	nan
4290	12	1.0	0.13392076213134035	0.9230769230769231	1.0	nan
4320	12	1.0	0.13476187255762176	0.9230769230769231	1.0	nan
4350	12	1.0	0.1356008925747147	0.9230769230769231	1.0	nan
4380	12	1.0	0.13643862682798782	0.9230769230769231	1.0	nan
4410	12	1.0	0.1372743925304979	0.9230769230769231	1.0	nan
4440	12	1.0	0.13810890840631185	0.9230769230769231	1.0	nan
4470	12	1.0	0.13894167306045604	0.9230769230769231	1.0	nan
4500	12	1.0	0.1397728371907785	0.9230769230769231	1.0	nan
4530	12	1.0	0.14060239801950553	0.9230769230769231	1.0	nan
4560	12	1.0	0.14143036087330768	0.9230769230769231	1.0	nan
4590	12	1.0	0.1422567296732771	0.9230769230769231	1.0	nan
4620	12	1.0	0.1430818158004159	0.9230769230769231	1.0	nan
4650	12	1.0	0.14390470419799073	0.9230769230769231	1.0	nan
4680	12	1.0	0.1447261221315183	0.9230769230769231	1.0	nan
4710	12	1.0	0.14554635839380384	0.9230769230769231	1.0	nan
4740	12	1.0	0.14636486475057758	0.9230769230769231	1.0	nan
4770	12	1.0	0.1471818764195408	0.9230769230769231	1.0	nan
4800	12	1.0	0.14799680454940092	0.9230769230769231	1.0	nan
4830	12	1.0	0.1488109243889009	0.9230769230769231	1.0	nan
4860	12	1.0	0.1496231700788117	0.9230769230769231	1.0	nan
4890	12	1.0	0.15043384989774156	0.9230769230769231	1.0	nan
4920	12	1.0	0.15124289686414236	1.0	nan	nan
4950	12	1.0	0.15205059919945602	1.0	1.0	nan
4980	12	1.0	0.15285690789387985	1.0	nan	nan
5010	12	1.0	0.1536608661975536	1.0	1.0	nan
5040	12	1.0	0.15446383988234108	1.0	nan	nan
5070	12	1.0	0.15526556949441786	1.0	nan	nan
5100	12	1.0	0.15606552669271342	1.0	nan	nan
5130	12	1.0	0.1568641861457922	1.0	1.0	nan
5160	12	1.0	0.15766092219033545	1.0	nan	nan
5190	12	1.0	0.15845656757029744	1.0	nan	nan
5220	12	1.0	0.15925039337889563	1.0	nan	nan
5250	12	1.0	0.16004273031954108	1.0	nan	nan
5280	12	1.0	0.160833673675193	1.0	nan	nan
5310	12	1.0	0.16162338164894144	1.0	nan	nan
5340	12	1.0	0.16241092167848173	1.0	1.0	nan
5370	12	1.0	0.16319759647704274	1.0	1.0	nan
5400	12	1.0	0.16398235895671692	1.0	1.0	nan
5430	12	1.0	0.16476615984396972	1.0	1.0	nan
5460	12	1.0	0.16554823841264213	1.0	1.0	nan
5490	12	1.0	0.16632885373990114	1.0	nan	nan
5520	12	1.0	0.1671080099172513	1.0	1.0	nan
5550	12	1.0	0.16788571182426706	1.0	nan	nan
5580	12	1.0	0.16866196088247412	1.0	1.0	nan
5610	12	1.0	0.1694367644546173	1.0	nan	nan
5640	12	1.0	0.17021024830918147	1.0	1.0	nan
5670	12	1.0	0.17098230007916027	1.0	1.0	nan
5700	12	1.0	0.1717525329483291	1.0	1.0	nan
5730	12	1.0	0.17252187064641333	1.0	1.0	nan
5760	12	1.0	0.17328964953326287	1.0	nan	nan
5790	12	1.0	0.17405542376733232	1.0	1.0	nan
5820	12	1.0	0.174820210851593	1.0	1.0	nan
5850	12	1.0	0.17558347356491225	1.0	nan	nan
5880	12	1.0	0.1763455439679448	1.0	1.0	nan
5910	12	1.0	0.17710609781146766	1.0	1.0	nan
5940	12	1.0	0.17786524839140438	1.0	nan	nan
5970	12	1.0	0.1786232814860858	1.0	nan	nan
6000	12	1.0	0.17937935517036857	1.0	nan	nan
6030	12	1.0	0.18013431913613456	1.0	nan	nan
6060	12	1.0	0.18088760236431764	1.0	1.0	nan
6090	12	1.0	0.1816400873183269	1.0	nan	nan
6120	12	1.0	0.18239089919538443	1.0	nan	nan
6150	12	1.0	0.18314033466952268	1.0	1.0	nan
6180	12	1.0	0.18388839746899155	1.0	1.0	nan
6210	12	1.0	0.1846350914306922	1.0	nan	nan
6240	12	1.0	0.18538021819182232	1.0	nan	nan
6270	12	1.0	0.18612438777386953	1.0	1.0	1.0
6300	12	1.0	0.18686699757441005	1.0	nan	nan
6330	12	1.0	0.18760814772630532	1.0	nan	nan
6360	12	1.0	0.1883478553171857	1.0	nan	nan
6390	12	1.0	0.18908638431100983	1.0	nan	nan
6420	12	1.0	0.18982422256450746	1.0	1.0	1.0
6450	12	1.0	0.19055930909355873	1.0	nan	1.0
6480	12	1.0	0.19129435294959876	1.0	nan	1.0
6510	12	1.0	0.1920272968812022	1.0	nan	1.0
6540	12	1.0	0.19275959197236042	1.0	nan	1.0
6570	12	1.0	0.193489738259705	1.0	nan	1.0
6600	12	1.0	0.19421908551172687	1.0	1.0	1.0
6630	12	1.0	0.1949471533235573	1.0	nan	1.0
6660	12	1.0	0.1956737571773182	1.0	nan	1.0
6690	12	1.0	0.19639905063662547	1.0	1.0	1.0
6720	12	1.0	0.19712303672870607	1.0	1.0	1.0
6750	12	1.0	0.19784572040799012	1.0	1.0	1.0
6780	12	1.0	0.19856677434659006	1.0	1.0	1.0
6810	12	1.0	0.19928719085405716	1.0	nan	1.0
6840	12	1.0	0.20000598508582623	1.0	nan	1.0
6870	12	1.0	0.20072348996391515	1.0	1.0	1.0
6900	12	1.0	0.20143970894825936	1.0	1.0	1.0
6930	12	1.0	0.2021546455161065	1.0	1.0	1.0
6960	12	1.0	0.20286846734682412	1.0	nan	1.0
6990	12	1.0	0.20358004554898484	1.0	1.0	1.0
7020	12	1.0	0.2042921653458578	1.0	nan	1.0
7050	12	1.0	0.20500141822756027	1.0	nan	1.0
7080	12	1.0	0.20571021172635456	1.0	1.0	1.0
7110	12	1.0	0.20641748194601386	1.0	1.0	1.0
7140	12	1.0	0.2071235806769364	1.0	1.0	1.0
7170	12	1.0	0.20782838060247347	1.0	nan	1.0
7200	12	1.0	0.2085319286600194	1.0	nan	1.0
7230	12	1.0	0.20923422810339928	1.0	nan	1.0
7260	12	1.0	0.20993528228903147	1.0	1.0	1.0
7290	12	1.0	0.21063509576252226	1.0	1.0	1.0
7320	12	1.0	0.21133366817978538	1.0	nan	1.0
7350	12	1.0	0.21203118592586867	1.0	nan	1.0
7380	12	1.0	0.21272728977270083	1.0	1.0	1.0
7410	12	1.0	0.2134219894666027	1.0	1.0	1.0
7440	12	1.0	0.21411542740451392	1.0	nan	1.0
7470	12	1.0	0.21480807251441858	1.0	1.0	1.0
7500	12	1.0	0.21549928163786328	1.0	nan	1.0
7530	12	1.0	0.21618985086934503	1.0	1.0	1.0
7560	12	1.0	0.21687805789964795	1.0	nan	1.0
7590	12	1.0	0.21756541621996497	1.0	nan	1.0
7620	12	1.0	0.21825199623718072	1.0	1.0	1.0
7650	12	1.0	0.21893739705729498	1.0	1.0	1.0
7680	12	1.0	0.21962125083124	1.0	nan	1.0
7710	12	1.0	0.22030358944741504	1.0	1.0	1.0
7740	12	1.0	0.2209860933546654	1.0	1.0	1.0
7770	12	1.0	0.22166540247983102	1.0	nan	1.0
7800	12	1.0	0.22234476523631805	1.0	1.0	1.0
7830	12	1.0	0.22302255777238594	1.0	1.0	1.0
7860	12	1.0	0.2237001085801726	1.0	nan	1.0
7890	12	1.0	0.22437577175299878	1.0	1.0	1.0
7920	12	1.0	0.22505000203625106	1.0	1.0	1.0
7950	12	1.0	0.22572378833862924	1.0	1.0	1.0
7980	12	1.0	0.22639544028201208	1.0	1.0	1.0
8010	12	1.0	0.22706714530405617	1.0	1.0	1.0
8040	12	1.0	0.2277362148527441	1.0	1.0	1.0
8070	12	1.0	0.2284046533091672	1.0	1.0	1.0
8100	12	1.0	0.22907234987534142	1.0	1.0	1.0
8130	12	1.0	0.22973868511073875	1.0	nan	1.0
8160	12	1.0	0.23040420111097243	1.0	nan	1.0
8190	12	1.0	0.23106805891800927	1.0	1.0	1.0
8220	12	1.0	0.2317312616666745	1.0	nan	1.0
8250	12	1.0	0.2323922567063593	1.0	1.0	1.0
8280	12	1.0	0.23305315764538004	1.0	1.0	1.0
8310	12	1.0	0.23371263216721733	1.0	1.0	1.0
8340	12	1.0	0.23437097282233224	1.0	1.0	1.0
8370	12	1.0	0.23502818457926936	1.0	nan	1.0
8400	12	1.0	0.23568466428795548	1.0	1.0	1.0
8430	12	1.0	0.23633922774677854	1.0	1.0	1.0
8460	12	1.0	0.23699306705287446	1.0	1.0	1.0
8490	12	1.0	0.2376462209464549	1.0	nan	1.0
8520	12	1.0	0.2382979981330554	1.0	1.0	1.0
8550	12	1.0	0.2389472193497405	1.0	1.0	1.0
8580	12	1.0	0.23959701490242857	1.0	1.0	1.0
8610	12	1.0	0.2402459822962165	1.0	1.0	1.0
8640	12	1.0	0.24089293233380235	1.0	nan	1.0
8670	12	1.0	0.24153978772943926	1.0	nan	1.0
8700	12	1.0	0.2421837360543268	1.0	nan	1.0
8730	12	1.0	0.24282806158866344	1.0	nan	1.0
8760	12	1.0	0.24347038752010094	1.0	nan	1.0
8790	12	1.0	0.2441124847920117	1.0	nan	1.0
8820	12	1.0	0.24475267735492579	1.0	nan	1.0
8850	12	1.0	0.2453921935900387	1.0	nan	1.0
8880	12	1.0	0.24603062764150552	1.0	nan	1.0
8910	12	1.0	0.2466674966958493	1.0	nan	1.0
8940	12	1.0	0.24730425969345973	1.0	1.0	1.0
8970	12	1.0	0.24793946383699042	1.0	1.0	1.0
9000	12	1.0	0.24857302830716538	1.0	nan	1.0
9030	12	1.0	0.2492070137541913	1.0	nan	1.0
9060	12	1.0	0.24983926572653656	1.0	1.0	1.0
9090	12	1.0	0.2504695962005723	nan	1.0	1.0
9120	12	1.0	0.2510994713159193	1.0	1.0	1.0
9150	12	1.0	0.2517282886923161	nan	1.0	1.0
9180	12	1.0	0.25235605096871155	1.0	1.0	1.0
9210	12	1.0	0.25298250466025823	1.0	nan	1.0
9240	12	1.0	0.25360815254865227	nan	nan	1.0
9270	12	1.0	0.2542325765437942	nan	nan	1.0
9300	12	1.0	0.25485660215030276	nan	1.0	1.0
9330	12	1.0	0.2554795135125617	nan	1.0	1.0
9360	12	1.0	0.2561001338902655	1.0	1.0	1.0
9390	12	1.0	0.25672106618974155	1.0	1.0	1.0
9420	12	1.0	0.25734149264437034	nan	1.0	1.0
9450	12	1.0	0.257958867268791	nan	1.0	1.0
9480	12	1.0	0.25857622310139183	nan	1.0	1.0
9510	12	1.0	0.259191501620898	nan	1.0	1.0
9540	12	1.0	0.25980785820007235	1.0	1.0	1.0
9570	12	1.0	0.2604221425140569	1.0	1.0	1.0
9600	12	1.0	0.261034832394077	nan	1.0	1.0
9630	12	1.0	0.2616476566572471	nan	1.0	1.0
9660	12	1.0	0.26225889315476875	1.0	1.0	1.0
9690	12	1.0	0.26286917866685006	1.0	1.0	1.0
9720	12	1.0	0.26347833360364925	nan	1.0	1.0
9750	12	1.0	0.26408654243318586	1.0	1.0	1.0
9780	12	1.0	0.26469374927148237	nan	1.0	1.0
9810	12	1.0	0.2653000928469012	1.0	1.0	1.0
9840	12	1.0	0.26590487624054293	nan	1.0	1.0
9870	12	1.0	0.2665093701160652	nan	1.0	1.0
9900	12	1.0	0.2671125464848584	1.0	1.0	1.0
9930	12	1.0	0.2677139332637497	nan	1.0	1.0
9960	12	1.0	0.2683160467761774	nan	1.0	1.0
9990	12	1.0	0.2689156495376244	nan	1.0	1.0
10020	12	1.0	0.2695159305119114	1.0	1.0	1.0
10050	12	1.0	0.27011384509953024	1.0	1.0	1.0
10080	12	1.0	0.2707111495519008	nan	1.0	1.0
10110	12	1.0	0.2713074772350273	nan	1.0	1.0
10140	12	1.0	0.27190283048261427	nan	1.0	1.0
10170	12	1.0	0.2724972117176028	1.0	1.0	1.0
10200	12	1.0	0.27309062325221783	nan	1.0	1.0
10230	12	1.0	0.2736830675802421	nan	1.0	1.0
10260	12	1.0	0.2742745469321872	1.0	1.0	1.0
10290	12	1.0	0.27486506368849756	1.0	1.0	1.0
10320	12	1.0	0.2754546203099647	1.0	1.0	1.0
10350	12	1.0	0.2760426976828603	1.0	1.0	1.0
10380	12	1.0	0.27663086211885873	nan	1.0	1.0
10410	12	1.0	0.2772172463864038	1.0	1.0	1.0
10440	12	1.0	0.27780329112457064	1.0	1.0	1.0
10470	12	1.0	0.27838745688979205	1.0	1.0	1.0
10500	12	1.0	0.2789719257511381	1.0	1.0	1.0
10530	12	1.0	0.2795551379599157	nan	1.0	1.0
10560	12	1.0	0.28013661103258225	1.0	1.0	nan
10590	12	1.0	0.2807178034462194	1.0	1.0	1.0
10620	12	1.0	0.2812978853346314	1.0	1.0	1.0
10650	12	1.0	0.28187703235283934	nan	1.0	1.0
10680	12	1.0	0.28245524666435634	nan	1.0	1.0
10710	12	1.0	0.2830325306349749	nan	1.0	1.0
10740	12	1.0	0.283608886494196	1.0	1.0	nan
10770	12	1.0	0.28418399520960524	1.0	1.0	nan
10800	12	1.0	0.2847599922692164	nan	1.0	1.0
10830	12	1.0	0.2853331699939483	1.0	1.0	nan
10860	12	1.0	0.2859054854347104	nan	1.0	nan
10890	12	1.0	0.28647682185861834	1.0	1.0	nan
10920	12	1.0	0.28704732621432444	1.0	1.0	1.0
10950	12	1.0	0.28761757672314137	1.0	1.0	nan
10980	12	1.0	0.2881865874058192	nan	1.0	nan
11010	12	1.0	0.2887540027361934	1.0	1.0	1.0
11040	12	1.0	0.289322460139353	nan	1.0	nan
11070	12	1.0	0.28988747021413636	1.0	1.0	nan
11100	12	1.0	0.29045356931960553	nan	1.0	nan
11130	12	1.0	0.29101704957165303	nan	1.0	nan
11160	12	1.0	0.291581654004048	1.0	1.0	nan
11190	12	1.0	0.292144583493258	nan	1.0	nan
11220	12	1.0	0.29270668594657273	1.0	1.0	nan
11250	12	1.0	0.29326707129530616	1.0	1.0	nan
11280	12	1.0	0.29382709695593284	nan	1.0	nan
11310	12	1.0	0.294385889759028	nan	1.0	nan
11340	12	1.0	0.2949453482606723	1.0	1.0	nan
11370	12	1.0	0.2955018588004911	nan	1.0	1.0
11400	12	1.0	0.29605834973922557	nan	1.0	nan
11430	12	1.0	0.2966139608893836	nan	1.0	nan
11460	12	1.0	0.29716869630208	nan	1.0	nan
11490	12	1.0	0.2977225574627644	1.0	1.0	nan
11520	12	1.0	0.29827554702149117	nan	1.0	nan
11550	12	1.0	0.29882766509938413	nan	1.0	nan
11580	12	1.0	0.2993789156313673	1.0	1.0	nan
11610	12	1.0	0.299929274049852	1.0	1.0	1.0
11640	12	1.0	0.3004788205008531	nan	1.0	nan
11670	12	1.0	0.30102631810703756	nan	1.0	nan
11700	12	1.0	0.30157527738545903	nan	1.0	nan
11730	12	1.0	0.30212221783321747	nan	1.0	nan
11760	12	1.0	0.3026669382157449	1.0	1.0	nan
11790	12	1.0	0.3032146172543849	nan	1.0	nan
11820	12	1.0	0.3037579103636452	1.0	1.0	1.0
11850	12	1.0	0.30430266554210245	nan	1.0	1.0
11880	12	1.0	0.30484412083385387	nan	1.0	nan
11910	12	1.0	0.305387403676493	nan	1.0	1.0
11940	12	1.0	0.3059269451406983	1.0	1.0	1.0
11970	12	1.0	0.3064670949016988	1.0	1.0	1.0
12000	12	1.0	0.3070054325657416	1.0	1.0	1.0
12030	12	1.0	0.3075448740680883	1.0	1.0	1.0
12060	12	1.0	0.308082508493848	1.0	1.0	1.0
12090	12	1.0	0.3086193086620951	nan	1.0	nan
12120	12	1.0	0.309155276452773	nan	1.0	nan
12150	12	1.0	0.30969041403848546	nan	1.0	nan
12180	12	1.0	0.31022472322201383	nan	1.0	1.0
12210	12	1.0	0.3107582057876785	1.0	1.0	nan
12240	12	1.0	0.3112908639385466	1.0	1.0	nan
12270	12	1.0	0.3118226992701791	nan	1.0	1.0
12300	12	1.0	0.31235371469910417	nan	1.0	nan
12330	12	1.0	0.31288390981477615	nan	1.0	nan
12360	12	1.0	0.31341328868262885	1.0	1.0	1.0
12390	12	1.0	0.313941852453136	nan	1.0	1.0
12420	12	1.0	0.3144696029806934	nan	1.0	1.0
12450	12	1.0	0.31499566853370664	nan	1.0	1.0
12480	12	1.0	0.3155226720128936	1.0	1.0	nan
12510	12	1.0	0.316047994266457	nan	1.0	1.0
12540	12	1.0	0.31657240430477135	nan	1.0	1.0
12570	12	1.0	0.31709629055311944	1.0	1.0	nan
12600	12	1.0	0.31761829464611824	nan	1.0	nan
12630	12	1.0	0.3181412444078303	1.0	1.0	nan
12660	12	1.0	0.31866221749858814	1.0	1.0	nan
12690	12	1.0	0.3191830718827725	nan	1.0	nan
12720	12	1.0	0.31970279275820823	nan	1.0	nan
12750	12	1.0	0.3202217205726381	1.0	1.0	nan
12780	12	1.0	0.32073944815736355	nan	1.0	nan
12810	12	1.0	0.3212564447492471	nan	1.0	nan
12840	12	1.0	0.3217741766127499	1.0	1.0	nan
12870	12	1.0	0.32229093795617186	nan	1.0	nan
12900	12	1.0	0.32280487597747076	1.0	1.0	nan
12930	12	1.0	0.3233171252106979	1.0	1.0	nan
12960	12	1.0	0.3238321669036234	1.0	1.0	nan
12990	12	1.0	0.32434441653194757	1.0	1.0	nan
13020	12	1.0	0.3248566895698876	1.0	1.0	nan
13050	12	1.0	0.325366447762878	nan	1.0	nan
13080	12	1.0	0.32587811219142776	1.0	1.0	nan
13110	12	1.0	0.32638766549043985	nan	1.0	nan
13140	12	1.0	0.32689644887900515	1.0	1.0	nan
13170	12	1.0	0.32740446435795784	1.0	1.0	nan
13200	12	1.0	0.32791201535180303	1.0	1.0	nan
13230	12	1.0	0.32841826819388587	nan	1.0	nan
13260	12	1.0	0.3289222080102075	nan	1.0	nan
13290	12	1.0	0.32942726272631473	1.0	1.0	nan
13320	12	1.0	0.3299330824344574	nan	1.0	nan
13350	12	1.0	0.33043652615978397	1.0	1.0	nan
13380	12	1.0	0.33093921406795884	nan	1.0	nan
13410	12	1.0	0.33144114773801214	1.0	1.0	nan
13440	12	1.0	0.3319408635875739	nan	1.0	nan
13470	12	1.0	0.33244276882261287	1.0	1.0	nan
13500	12	1.0	0.33294244002877715	1.0	1.0	nan
13530	12	1.0	0.33344137360169607	1.0	1.0	nan
13560	12	1.0	0.3339395614322603	nan	1.0	nan
13590	12	1.0	0.33443700503666707	nan	1.0	nan
13620	12	1.0	0.3349345293171728	1.0	1.0	nan
13650	12	1.0	0.33542966659389817	nan	1.0	nan
13680	12	1.0	0.3359248877001571	nan	1.0	nan
13710	12	1.0	0.3364193714880836	1.0	1.0	nan
13740	12	1.0	0.33691311921016204	1.0	1.0	nan
13770	12	1.0	0.3374061713453444	nan	1.0	nan
13800	12	1.0	0.33789715101373174	1.0	1.0	nan
13830	12	1.0	0.3383891048724772	1.0	1.0	nan
13860	12	1.0	0.33888157891035486	nan	1.0	nan
13890	12	1.0	0.33937181759829055	nan	1.0	nan
13920	12	1.0	0.33985933613605185	1.0	1.0	nan
13950	12	1.0	0.3403488873975407	1.0	1.0	nan
13980	12	1.0	0.34083680699517516	1.0	1.0	nan
14010	12	1.0	0.3413240063034206	nan	1.0	nan
14040	12	1.0	0.34181186002710906	nan	1.0	nan
14070	12	1.0	0.34229624485546967	nan	1.0	nan
14100	12	1.0	0.3427827481224191	nan	1.0	nan
14130	12	1.0	0.3432656183567855	1.0	1.0	nan
14160	12	1.0	0.34374923436771393	1.0	1.0	nan
14190	12	1.0	0.34423213863667695	1.0	1.0	nan
14220	12	1.0	0.3447143327408247	nan	1.0	nan
14250	12	1.0	0.3451967689647437	nan	1.0	nan
14280	12	1.0	0.34567659652545596	nan	1.0	nan
14310	12	1.0	0.34615666956856445	nan	1.0	nan
14340	12	1.0	0.34663638983895856	nan	1.0	nan
14370	12	1.0	0.34711525481806826	1.0	1.0	nan
14400	12	1.0	0.34759159581369414	1.0	1.0	nan
14430	12	1.0	0.34806993733294306	nan	1.0	nan
14460	12	1.0	0.3485472391769059	1.0	1.0	nan
14490	12	1.0	0.3490223769772403	1.0	1.0	nan
14520	12	1.0	0.3494975561657912	1.0	1.0	nan
14550	12	1.0	0.34997204067916254	nan	1.0	nan
14580	12	1.0	0.35044583201683494	1.0	1.0	nan
14610	12	1.0	0.35091975657847846	1.0	1.0	nan
14640	12	1.0	0.3513913510494664	1.0	1.0	nan
14670	12	1.0	0.35186421957637964	1.0	1.0	nan
14700	12	1.0	0.3523339090290396	1.0	1.0	nan
14730	12	1.0	0.3528043598506272	1.0	1.0	nan
14760	12	1.0	0.3532755657161527	1.0	1.0	nan
14790	12	1.0	0.35374404856194824	nan	1.0	nan
14820	12	1.0	0.3542114558725227	nan	1.0	nan
14850	12	1.0	0.3546790910476144	nan	1.0	nan
14880	12	1.0	0.3551460494490823	1.0	1.0	1.0
14910	12	1.0	0.35561233245092183	nan	1.0	nan
14940	12	1.0	0.35607794170126067	1.0	1.0	1.0
14970	12	1.0	0.35654287708585075	nan	1.0	1.0
15000	12	1.0	0.3570055198771888	1.0	1.0	nan
15030	12	1.0	0.35747074108529375	1.0	1.0	nan
15060	12	1.0	0.3579352903408863	1.0	1.0	nan
15090	12	1.0	0.3583957500030497	nan	1.0	nan
15120	12	1.0	0.3588568855290746	nan	1.0	nan
15150	12	1.0	0.35931920519768706	1.0	1.0	nan
15180	12	1.0	0.35977756500912883	1.0	1.0	1.0
15210	12	1.0	0.3602383418910638	nan	1.0	1.0
15240	12	1.0	0.36069729234815834	nan	1.0	1.0
15270	12	1.0	0.36115448498781116	nan	1.0	1.0
15300	12	1.0	0.3616123316543838	1.0	1.0	1.0
15330	12	1.0	0.3620713391639317	nan	1.0	nan
15360	12	1.0	0.36252652830721754	1.0	1.0	nan
15390	12	1.0	0.36298220269212567	1.0	1.0	1.0
15420	12	1.0	0.36343906688410527	1.0	1.0	1.0
15450	12	1.0	0.3638927058214591	1.0	1.0	nan
15480	12	1.0	0.36434532608229014	nan	1.0	1.0
15510	12	1.0	0.3647978754988133	nan	1.0	1.0
15540	12	1.0	0.36524874610510905	nan	1.0	1.0
15570	12	1.0	0.3657010524402284	nan	1.0	1.0
15600	12	1.0	0.3661537732089212	nan	1.0	1.0
15630	12	1.0	0.3666042803755155	nan	1.0	1.0
15660	12	1.0	0.36705414587758184	nan	1.0	1.0
15690	12	1.0	0.3675043226062782	nan	1.0	nan
15720	12	1.0	0.36795196262987395	nan	1.0	1.0
15750	12	1.0	0.36839991666881716	nan	1.0	1.0
15780	12	1.0	0.36884723599144653	1.0	1.0	1.0
15810	12	1.0	0.3692939221547225	nan	1.0	1.0
15840	12	1.0	0.36974054654267624	nan	1.0	1.0
15870	12	1.0	0.37018712899785494	nan	1.0	1.0
15900	12	1.0	0.37063019552259585	nan	1.0	1.0
15930	12	1.0	0.3710743623799455	nan	1.0	1.0
15960	12	1.0	0.37151790300978044	1.0	1.0	1.0
15990	12	1.0	0.3719594983097728	nan	1.0	1.0
16020	12	1.0	0.37240255792908133	1.0	1.0	1.0
16050	12	1.0	0.37284347954913033	1.0	1.0	1.0
16080	12	1.0	0.37328582647398856	1.0	1.0	nan
16110	12	1.0	0.37372610601133915	1.0	1.0	nan
16140	12	1.0	0.3741660635510108	nan	1.0	1.0
16170	12	1.0	0.3746052557083095	nan	1.0	1.0
16200	12	1.0	0.3750438326529656	nan	1.0	1.0
16230	12	1.0	0.3754814896514934	1.0	1.0	1.0
16260	12	1.0	0.3759191409511423	1.0	1.0	1.0
16290	12	1.0	0.37635465679574026	1.0	1.0	1.0
16320	12	1.0	0.376792001631824	1.0	1.0	nan
16350	12	1.0	0.3772269507238387	1.0	1.0	1.0
16380	12	1.0	0.3776621061393104	1.0	1.0	nan
16410	12	1.0	0.37809672415084683	nan	1.0	1.0
16440	12	1.0	0.37853041851034264	1.0	1.0	1.0
16470	12	1.0	0.3789620796954122	nan	1.0	1.0
16500	12	1.0	0.37939599341126246	1.0	1.0	1.0
16530	12	1.0	0.37982788003001505	nan	1.0	1.0
16560	12	1.0	0.3802591650583107	nan	1.0	1.0
16590	12	1.0	0.3806898486963023	1.0	1.0	nan
16620	12	1.0	0.38111976951581594	nan	1.0	1.0
16650	12	1.0	0.3815494256729204	nan	1.0	1.0
16680	12	1.0	0.38197811236845364	nan	1.0	nan
16710	12	1.0	0.38240661788289093	nan	1.0	nan
16740	12	1.0	0.38283432211988333	nan	1.0	1.0
16770	12	1.0	0.3832612020353569	nan	1.0	nan
16800	12	1.0	0.38368796247782766	nan	nan	1.0
16830	12	1.0	0.38411389514234817	nan	1.0	nan
16860	12	1.0	0.3845392406957985	nan	1.0	nan
16890	12	1.0	0.3849639991294591	nan	1.0	1.0
16920	12	1.0	0.38538817201054076	nan	nan	1.0
16950	12	1.0	0.3858117605658713	1.0	1.0	1.0
16980	12	1.0	0.38623476379209354	nan	1.0	nan
17010	12	1.0	0.38665718605256233	nan	1.0	1.0
17040	12	1.0	0.3870791271734089	nan	nan	nan
17070	12	1.0	0.38749969073414503	nan	nan	1.0
17100	12	1.0	0.3879209708092401	nan	1.0	1.0
17130	12	1.0	0.3883420922431726	1.0	1.0	nan
17160	12	1.0	0.3887600031351281	nan	1.0	nan
17190	12	1.0	0.3891795580095531	nan	nan	1.0
17220	12	1.0	0.3895979378663182	nan	1.0	nan
17250	12	1.0	0.3900157447070868	nan	1.0	1.0
17280	12	1.0	0.39043298034827095	nan	1.0	1.0
17310	12	1.0	0.39085151858319056	nan	1.0	1.0
17340	12	1.0	0.39126640602554147	nan	1.0	1.0
17370	12	1.0	0.3916812669272215	nan	1.0	nan
17400	12	1.0	0.3920934654098451	nan	nan	1.0
17430	12	1.0	0.39250901032124225	nan	1.0	1.0
17460	12	1.0	0.39292558289664364	nan	1.0	1.0
17490	12	1.0	0.39333872524499286	nan	1.0	nan
17520	12	1.0	0.39375104321859256	nan	1.0	1.0
17550	12	1.0	0.39416081280543086	1.0	1.0	nan
17580	12	1.0	0.39457531806424445	1.0	1.0	nan
17610	12	1.0	0.3949851803453997	nan	nan	1.0
17640	12	1.0	0.39539564630299234	nan	nan	nan
17670	12	1.0	0.3958066036426075	nan	1.0	nan
17700	12	1.0	0.3962149120298616	nan	1.0	nan
17730	12	1.0	0.3966237124766131	nan	1.0	nan
17760	12	1.0	0.3970336664631791	nan	1.0	1.0
17790	12	1.0	0.3974396556144233	nan	1.0	nan
17820	12	1.0	0.39784606580685083	nan	1.0	1.0
17850	12	1.0	0.39825339481120625	nan	1.0	nan
17880	12	1.0	0.39866052765088406	nan	1.0	nan
17910	12	1.0	0.399066158297644	nan	1.0	nan
17940	12	1.0	0.3994675270707528	nan	1.0	1.0
17970	12	1.0	0.3998742977672748	nan	1.0	1.0
18000	12	1.0	0.4002781596858831	1.0	1.0	1.0
18030	12	1.0	0.40068147866790693	1.0	1.0	nan
18060	12	1.0	0.4010836124026687	1.0	nan	1.0
18090	12	1.0	0.40148590022406583	nan	1.0	1.0
18120	12	1.0	0.40188818742894916	nan	1.0	nan
18150	12	1.0	0.40228934431210994	nan	1.0	1.0
18180	12	1.0	0.4026899638443753	nan	1.0	nan
18210	12	1.0	0.40309126403828355	nan	nan	1.0
18240	12	1.0	0.40348959350116953	1.0	1.0	1.0
18270	12	1.0	0.4038886060394995	1.0	1.0	nan
18300	12	1.0	0.40428708484262915	1.0	1.0	nan
18330	12	1.0	0.4046850317644939	1.0	1.0	1.0
18360	12	1.0	0.40508244693721646	1.0	1.0	1.0
18390	12	1.0	0.405479332151676	1.0	nan	nan
18420	12	1.0	0.4058743278849357	1.0	nan	1.0
18450	12	1.0	0.4062715157776138	1.0	1.0	1.0
18480	12	1.0	0.40666681644525987	1.0	1.0	1.0
18510	12	1.0	0.40706159113560825	1.0	1.0	nan
18540	12	1.0	0.40745583900016996	1.0	nan	nan
18570	12	1.0	0.4078495669149127	1.0	1.0	1.0
18600	12	1.0	0.4082427708963178	1.0	nan	1.0
18630	12	1.0	0.40863620853375887	1.0	1.0	nan
18660	12	1.0	0.40902761108814756	nan	1.0	1.0
18690	12	1.0	0.40941668653390184	nan	1.0	1.0
18720	12	1.0	0.40981038415379484	nan	nan	1.0
18750	12	1.0	0.41019947896256265	nan	1.0	nan
18780	12	1.0	0.4105893110162579	nan	1.0	1.0
18810	12	1.0	0.4109785410410704	nan	1.0	1.0
18840	12	1.0	0.41136969298159304	nan	nan	nan
18870	12	1.0	0.41175823657383814	nan	1.0	1.0
18900	12	1.0	0.41214626742444455	nan	1.0	nan
18930	12	1.0	0.41253378641588645	nan	1.0	1.0
18960	12	1.0	0.4129188295189398	nan	1.0	nan
18990	12	1.0	0.4133072943553645	nan	1.0	1.0
19020	12	1.0	0.413693284765709	nan	1.0	1.0
19050	12	1.0	0.41407876759281725	nan	1.0	nan
19080	12	1.0	0.4144637440050325	nan	1.0	1.0
19110	12	1.0	0.4148482150399289	nan	1.0	1.0
19140	12	1.0	0.41523218253520033	nan	nan	1.0
19170	12	1.0	0.4156180343588403	nan	1.0	1.0
19200	12	1.0	0.41599860393612825	nan	nan	nan
19230	12	1.0	0.4163810626488919	nan	1.0	nan
19260	12	1.0	0.41676302033390666	nan	nan	1.0
19290	12	1.0	0.417144480038881	nan	1.0	1.0
19320	12	1.0	0.417525438311336	nan	1.0	1.0
19350	12	1.0	0.41790590016089874	nan	1.0	1.0
19380	12	1.0	0.4182858634892796	nan	1.0	1.0
19410	12	1.0	0.4186625746945356	nan	1.0	1.0
19440	12	1.0	0.41904557888541033	nan	1.0	1.0
19470	12	1.0	0.4194227921935798	nan	1.0	nan
19500	12	1.0	0.41980077908997854	nan	1.0	nan
19530	12	1.0	0.420178275286585	nan	1.0	1.0
19560	12	1.0	0.4205552786124605	nan	nan	1.0
19590	12	1.0	0.4209317960973104	nan	1.0	1.0
19620	12	1.0	0.4213078225147629	nan	nan	nan
19650	12	1.0	0.42168336113678967	nan	1.0	nan
19680	12	1.0	0.4220591238612907	nan	nan	nan
19710	12	1.0	0.42243297770664884	nan	1.0	1.0
19740	12	1.0	0.42280705740981195	nan	1.0	1.0
19770	12	1.0	0.42317905965521485	nan	1.0	1.0
19800	12	1.0	0.4235537655989483	nan	1.0	1.0
19830	12	1.0	0.42392639554523515	nan	1.0	1.0
19860	12	1.0	0.4242985442188777	nan	1.0	nan
19890	12	1.0	0.42466892581493115	nan	1.0	nan
19920	12	1.0	0.425041400847195	nan	1.0	nan
19950	12	1.0	0.4254121105360854	nan	nan	1.0
19980	12	1.0	0.42578234507323887	nan	1.0	1.0
20010	12	1.0	0.4261533991510547	nan	1.0	nan
20040	12	1.0	0.4265213774000385	nan	1.0	nan
20070	12	1.0	0.4268919136515489	nan	1.0	1.0
20100	12	1.0	0.42725667763452635	nan	1.0	1.0
20130	12	1.0	0.427626369510621	nan	1.0	nan
20160	12	1.0	0.42799245505482353	nan	nan	1.0
20190	12	1.0	0.42836140131986766	nan	1.0	nan
20220	12	1.0	0.42872930510096174	nan	nan	nan
20250	12	1.0	0.42909574810685186	nan	nan	1.0
20280	12	1.0	0.4294578532740703	nan	1.0	1.0
20310	12	1.0	0.4298236283627419	nan	1.0	1.0
20340	12	1.0	0.43018557948807873	nan	1.0	1.0
20370	12	1.0	0.4305523034613781	nan	nan	1.0
20400	12	1.0	0.4309159430462962	nan	1.0	nan
20430	12	1.0	0.43127873697382907	nan	1.0	nan
20460	12	1.0	0.4316418312805753	nan	1.0	nan
20490	12	1.0	0.4320040813145881	nan	1.0	nan
20520	12	1.0	0.43236586953353423	nan	nan	nan
20550	12	1.0	0.432727197864478	nan	1.0	nan
20580	12	1.0	0.43308690752384166	nan	1.0	nan
20610	12	1.0	0.43344662358734515	nan	nan	nan
20640	12	1.0	0.433806182182416	nan	1.0	nan
20670	12	1.0	0.43416792094717793	nan	nan	nan
20700	12	1.0	0.4345269590017973	nan	1.0	nan
20730	12	1.0	0.43488554183926764	nan	1.0	nan
20760	12	1.0	0.43524211156724185	nan	nan	nan
20790	12	1.0	0.4356013453860665	nan	1.0	nan
20820	12	1.0	0.4359585668282167	nan	1.0	nan
20850	12	1.0	0.4363164006942956	nan	1.0	1.0
20880	12	1.0	0.43667165578689526	nan	1.0	1.0
20910	12	1.0	0.43702971071179486	nan	1.0	1.0
20940	12	1.0	0.4373829437042121	nan	1.0	nan
20970	12	1.0	0.43773925020590015	nan	nan	nan
21000	12	1.0	0.4380924377996855	nan	1.0	1.0
21030	12	1.0	0.4384465142275793	nan	1.0	nan
21060	12	1.0	0.43880014469948975	nan	1.0	nan
21090	12	1.0	0.4391533301486887	nan	1.0	nan
21120	12	1.0	0.4395060716474371	nan	1.0	nan
21150	12	1.0	0.43985759949906833	nan	1.0	nan
21180	12	1.0	0.44021022428987716	nan	nan	nan
21210	12	1.0	0.4405616374921704	nan	1.0	nan
21240	12	1.0	0.4409126100492417	nan	1.0	nan
21270	12	1.0	0.44126360225317834	nan	nan	nan
21300	12	1.0	0.44161294702247	nan	1.0	nan
21330	12	1.0	0.4419628902882815	nan	1.0	nan
21360	12	1.0	0.44231210744333094	nan	1.0	1.0
21390	12	1.0	0.44266166822805836	nan	1.0	1.0
21420	12	1.0	0.4430092317324312	nan	1.0	nan
21450	12	1.0	0.44335714085582884	nan	1.0	nan
21480	12	1.0	0.4437046149988592	nan	1.0	1.0
21510	12	1.0	0.4440503581396627	nan	1.0	nan
21540	12	1.0	0.44439704811192615	nan	nan	nan
21570	12	1.0	0.4447444410514724	nan	1.0	nan
21600	12	1.0	0.44509018645425863	nan	nan	nan
21630	12	1.0	0.44543550164708906	nan	1.0	nan
21660	12	1.0	0.44578038721715935	nan	nan	nan
21690	12	1.0	0.44612484442536354	nan	1.0	1.0
21720	12	1.0	0.4464671731326085	nan	1.0	nan
21750	12	1.0	0.44681247492927695	nan	1.0	1.0
21780	12	1.0	0.44715565124055007	nan	nan	nan
21810	12	1.0	0.44749840057013485	nan	1.0	nan
21840	12	1.0	0.44784072590233526	nan	1.0	nan
21870	12	1.0	0.44818262750976934	nan	1.0	nan
21900	12	1.0	0.44852410533766	nan	1.0	nan
21930	12	1.0	0.4488672431783081	nan	1.0	nan
21960	12	1.0	0.4492076807750525	nan	nan	1.0
21990	12	1.0	0.44954600909984144	nan	1.0	nan
22020	12	1.0	0.4498858025040288	nan	1.0	nan
22050	12	1.0	0.45022517636115783	nan	nan	nan
22080	12	1.0	0.4505641321592266	nan	1.0	1.0
22110	12	1.0	0.45090266992314243	nan	1.0	nan
22140	12	1.0	0.4512426520972876	nan	1.0	nan
22170	12	1.0	0.45157849631744007	nan	1.0	nan
22200	12	1.0	0.4519169431394775	nan	nan	nan
22230	12	1.0	0.45225077099739946	nan	1.0	nan
22260	12	1.0	0.4525859077517113	nan	1.0	nan
22290	12	1.0	0.452925169482339	nan	1.0	nan
22320	12	1.0	0.4532608049164409	nan	1.0	1.0
22350	12	1.0	0.4535984025656799	nan	1.0	nan
22380	12	1.0	0.45392815438591144	nan	1.0	nan
22410	12	1.0	0.4542652452172764	nan	1.0	nan
22440	12	1.0	0.4546006205030145	nan	1.0	nan
22470	12	1.0	0.4549328247722054	nan	nan	nan
22500	12	1.0	0.45526600207515666	nan	1.0	nan
22530	12	1.0	0.4555987721124743	nan	1.0	nan
22560	12	1.0	0.4559308450959512	nan	1.0	nan
22590	12	1.0	0.4562630947474637	nan	nan	nan
22620	12	1.0	0.45659464838129943	nan	1.0	nan
22650	12	1.0	0.45692579778500464	nan	1.0	nan
22680	12	1.0	0.457256544181004	nan	1.0	nan
22710	12	1.0	0.457586887580285	nan	1.0	nan
22740	12	1.0	0.4579168292086199	nan	1.0	nan
22770	12	1.0	0.4582463702166772	nan	nan	nan
22800	12	1.0	0.4585755103298086	nan	1.0	nan
22830	12	1.0	0.4589057235406065	nan	1.0	nan
22860	12	1.0	0.45923259215847295	nan	1.0	nan
22890	12	1.0	0.4595618964509492	nan	1.0	nan
22920	12	1.0	0.45988942448508535	nan	1.0	nan
22950	12	1.0	0.4602182619906917	nan	1.0	nan
22980	12	1.0	0.46054198282687075	nan	1.0	1.0
23010	12	1.0	0.46086973594975145	nan	1.0	nan
23040	12	1.0	0.46119345469085127	nan	1.0	nan
23070	12	1.0	0.46152135960651575	nan	1.0	nan
23100	12	1.0	0.46184488962887105	nan	1.0	nan
23130	12	1.0	0.4621698310375034	nan	1.0	nan
23160	12	1.0	0.46249422200843393	nan	nan	nan
23190	12	1.0	0.4628164967251602	nan	1.0	nan
23220	12	1.0	0.46314183271678044	nan	1.0	nan
23250	12	1.0	0.46346505308588054	nan	nan	nan
23280	12	1.0	0.4637896292667111	nan	1.0	1.0
23310	12	1.0	0.46411032709101246	nan	1.0	1.0
23340	12	1.0	0.4644340730258899	nan	1.0	1.0
23370	12	1.0	0.4647522366159421	nan	1.0	nan
23400	12	1.0	0.4650785883503067	nan	1.0	nan
23430	12	1.0	0.4653962309755902	nan	1.0	nan
23460	12	1.0	0.46571798102987977	nan	nan	nan
23490	12	1.0	0.4660368733399273	nan	nan	1.0
23520	12	1.0	0.4663566161253923	nan	1.0	nan
23550	12	1.0	0.4666759782145613	nan	1.0	nan
23580	12	1.0	0.4669924994432082	nan	1.0	nan
23610	12	1.0	0.46731330632393464	nan	1.0	1.0
23640	12	1.0	0.46763455512911906	nan	1.0	nan
23670	12	1.0	0.4679496151871874	nan	1.0	nan
23700	12	1.0	0.46826707196577794	nan	1.0	nan
23730	12	1.0	0.4685860853103553	nan	1.0	nan
23760	12	1.0	0.4689008543946607	nan	1.0	1.0
23790	12	1.0	0.46921762465968786	nan	1.0	1.0
23820	12	1.0	0.46953312780692774	nan	1.0	nan
23850	12	1.0	0.46984870048541383	nan	1.0	nan
23880	12	1.0	0.4701638978708696	nan	1.0	nan
23910	12	1.0	0.4704761214189421	nan	1.0	nan
23940	12	1.0	0.4707931690766479	nan	1.0	nan
23970	12	1.0	0.4711072450092594	nan	1.0	nan
24000	12	1.0	0.4714209478211814	nan	1.0	1.0
24030	12	1.0	0.47173427882959845	nan	1.0	1.0
24060	12	1.0	0.4720492220592655	nan	1.0	nan
24090	12	1.0	0.4723610166289504	nan	nan	1.0
24120	12	1.0	0.4726720470411747	nan	1.0	nan
24150	12	1.0	0.4729840623204085	nan	1.0	1.0
24180	12	1.0	0.4732953789869343	nan	1.0	nan
24210	12	1.0	0.4736064922334466	nan	1.0	nan
24240	12	1.0	0.47391366396809337	nan	1.0	1.0
24270	12	1.0	0.47422761744061376	nan	nan	nan
24300	12	1.0	0.4745390177524259	nan	1.0	1.0
24330	12	1.0	0.47484727921685405	nan	nan	nan
24360	12	1.0	0.4751565625173789	nan	1.0	1.0
24390	12	1.0	0.47546548157940055	nan	1.0	1.0
24420	12	1.0	0.47577214848332067	nan	1.0	nan
24450	12	1.0	0.47608223044512143	nan	1.0	nan
24480	12	1.0	0.4763870519210037	nan	1.0	nan
24510	12	1.0	0.4766955514271763	nan	nan	1.0
24540	12	1.0	0.4770046389618358	nan	1.0	1.0
24570	12	1.0	0.47731012165112074	nan	1.0	1.0
24600	12	1.0	0.47761777515447623	nan	1.0	1.0
24630	12	1.0	0.4779197693329918	nan	1.0	nan
24660	12	1.0	0.4782285752131117	nan	1.0	1.0
24690	12	1.0	0.47853478963480334	nan	1.0	1.0
24720	12	1.0	0.4788398014246438	nan	nan	1.0
24750	12	1.0	0.4791443457036341	nan	1.0	nan
24780	12	1.0	0.47944858967206183	nan	1.0	nan
24810	12	1.0	0.47975247851648356	nan	nan	1.0
24840	12	1.0	0.48005776727232713	nan	1.0	1.0
24870	12	1.0	0.4803591929666406	nan	1.0	1.0
24900	12	1.0	0.4806620197938356	nan	nan	nan
24930	12	1.0	0.4809644938711373	nan	nan	1.0
24960	12	1.0	0.481264414442166	nan	1.0	nan
24990	12	1.0	0.4815683886132315	nan	1.0	1.0
25020	12	1.0	0.48186980628601017	nan	1.0	1.0
25050	12	1.0	0.48217087535488795	nan	nan	1.0
25080	12	1.0	0.48247252286718434	nan	1.0	1.0
25110	12	1.0	0.48277196537678035	nan	nan	nan
25140	12	1.0	0.48307046379002505	nan	1.0	1.0
25170	12	1.0	0.4833681345452458	nan	nan	1.0
25200	12	1.0	0.4836736306592107	nan	nan	nan
25230	12	1.0	0.48397204606003563	nan	nan	nan
25260	12	1.0	0.4842686031445393	nan	nan	nan
25290	12	1.0	0.4845699844884099	nan	1.0	nan
25320	12	1.0	0.4848648364191504	nan	nan	nan
25350	12	1.0	0.48516096619538085	nan	1.0	nan
25380	12	1.0	0.48546122017787263	nan	1.0	nan
25410	12	1.0	0.48575660478927213	nan	1.0	1.0
25440	12	1.0	0.48605317520148067	nan	nan	1.0
25470	12	1.0	0.4863494042117714	nan	1.0	nan
25500	12	1.0	0.48664709663377487	nan	nan	1.0
25530	12	1.0	0.48693974960965564	nan	1.0	1.0
25560	12	1.0	0.487236045015957	nan	1.0	1.0
25590	12	1.0	0.48753091181815744	nan	1.0	nan
25620	12	1.0	0.48782544002510525	nan	1.0	nan
25650	12	1.0	0.4881224268283074	nan	nan	nan
25680	12	1.0	0.48841685514061484	nan	1.0	1.0
25710	12	1.0	0.48870699657427563	nan	1.0	nan
25740	12	1.0	0.489000174969559	nan	1.0	1.0
25770	12	1.0	0.48929369628220615	nan	1.0	1.0
25800	12	1.0	0.4895855233082141	nan	1.0	1.0
25830	12	1.0	0.4898776950011023	nan	1.0	1.0
25860	12	1.0	0.49016953329047896	nan	1.0	nan
25890	12	1.0	0.49046005872597354	nan	1.0	nan
25920	12	1.0	0.49074868155466245	nan	1.0	nan
25950	12	1.0	0.49104304566187734	nan	1.0	1.0
25980	12	1.0	0.49133367806015893	nan	1.0	1.0
26010	12	1.0	0.4916237261433473	nan	nan	1.0
26040	12	1.0	0.49191356968358657	nan	1.0	nan
26070	12	1.0	0.49220308378812866	nan	nan	1.0
26100	12	1.0	0.4924904719959929	nan	1.0	nan
26130	12	1.0	0.49278112139555796	nan	1.0	1.0
26160	12	1.0	0.4930696474872929	nan	1.0	1.0
26190	12	1.0	0.4933606768731525	nan	1.0	1.0
26220	12	1.0	0.4936439868336576	nan	nan	1.0
26250	12	1.0	0.4939344259059075	nan	1.0	1.0
26280	12	1.0	0.494220476191826	nan	1.0	1.0
26310	12	1.0	0.4945073671849153	nan	1.0	1.0
26340	12	1.0	0.4947921913982842	nan	nan	1.0
26370	12	1.0	0.49508017429281054	nan	nan	1.0
26400	12	1.0	0.4953660907107694	nan	1.0	1.0
26430	12	1.0	0.49565168412487853	nan	1.0	1.0
26460	12	1.0	0.4959369548740304	nan	1.0	nan
26490	12	1.0	0.4962219022143116	nan	1.0	nan
26520	12	1.0	0.4965049063977313	nan	1.0	nan
26550	12	1.0	0.49679082986110473	nan	nan	1.0
26580	12	1.0	0.49707418141319304	nan	1.0	1.0
26610	12	1.0	0.49735980172278305	nan	1.0	1.0
26640	12	1.0	0.49764476590656637	nan	1.0	nan
26670	12	1.0	0.497924846435975	nan	1.0	nan
26700	12	1.0	0.4982087509048111	nan	nan	1.0
26730	12	1.0	0.4984899388540809	nan	1.0	nan
26760	12	1.0	0.49877200845395053	nan	1.0	nan
26790	12	1.0	0.49905376007930274	nan	nan	1.0
26820	12	1.0	0.4993361900235345	nan	nan	nan
26850	12	1.0	0.49961631566792564	nan	nan	nan
26880	12	1.0	0.4998971201983664	nan	1.0	nan
26910	12	1.0	0.5001776089234599	nan	1.0	nan
26940	12	1.0	0.5004545800626202	nan	1.0	nan
26970	12	1.0	0.5007366449764136	nan	1.0	nan
27000	12	1.0	0.5010149574821274	nan	1.0	1.0
27030	12	1.0	0.5012964270414293	nan	1.0	1.0
27060	12	1.0	0.5015735800512348	nan	1.0	nan
27090	12	1.0	0.5018539595472986	nan	nan	nan
27120	12	1.0	0.5021344561026643	nan	1.0	1.0
27150	12	1.0	0.5024078227561704	nan	1.0	nan
27180	12	1.0	0.5026885338780627	nan	1.0	nan
27210	12	1.0	0.5029652931375622	nan	1.0	nan
27240	12	1.0	0.5032428271180672	nan	1.0	1.0
27270	12	1.0	0.503519102326621	nan	nan	1.0
27300	12	1.0	0.503796320451693	nan	1.0	nan
27330	12	1.0	0.5040716787391042	nan	1.0	1.0
27360	12	1.0	0.5043459689676109	nan	1.0	nan
27390	12	1.0	0.5046207352363997	nan	1.0	nan
27420	12	1.0	0.5048982417273309	nan	1.0	1.0
27450	12	1.0	0.505173150089959	nan	nan	nan
27480	12	1.0	0.5054477539403878	nan	1.0	1.0
27510	12	1.0	0.5057220531161977	nan	1.0	1.0
27540	12	1.0	0.5059991489301909	nan	1.0	nan
27570	12	1.0	0.5062697397567226	nan	1.0	nan
27600	12	1.0	0.5065433126980242	nan	1.0	1.0
27630	12	1.0	0.5068162138713246	nan	nan	1.0
27660	12	1.0	0.5070889973417321	nan	1.0	1.0
27690	12	1.0	0.5073614803029429	nan	1.0	nan
27720	12	1.0	0.5076336611366181	nan	nan	nan
27750	12	1.0	0.507905541423268	nan	1.0	1.0
27780	12	1.0	0.5081748626245316	nan	1.0	nan
27810	12	1.0	0.5084484019404968	nan	nan	nan
27840	12	1.0	0.5087196755282711	nan	1.0	nan
27870	12	1.0	0.5089900664342281	nan	1.0	nan
27900	12	1.0	0.509260451378983	nan	1.0	1.0
27930	12	1.0	0.5095344328251623	nan	nan	nan
27960	12	1.0	0.5098034941898545	nan	1.0	nan
27990	12	1.0	0.5100698228810565	nan	1.0	1.0
28020	12	1.0	0.5103390197144861	nan	1.0	1.0
28050	12	1.0	0.510604074288142	nan	1.0	1.0
28080	12	1.0	0.5108765279201075	nan	nan	1.0
28110	12	1.0	0.5111448398186044	nan	nan	1.0
28140	12	1.0	0.5114128577461584	nan	1.0	1.0
28170	12	1.0	0.5116805816599099	nan	1.0	1.0
28200	12	1.0	0.5119480118343825	nan	1.0	1.0
28230	12	1.0	0.5122169826761815	nan	1.0	nan
28260	12	1.0	0.5124819951460855	nan	1.0	1.0
28290	12	1.0	0.5127485489517932	nan	1.0	1.0
28320	12	1.0	0.5130136317766767	nan	1.0	nan
28350	12	1.0	0.5132853329117042	nan	1.0	nan
28380	12	1.0	0.5135489110439393	nan	1.0	nan
28410	12	1.0	0.5138117120852117	nan	nan	nan
28440	12	1.0	0.5140769578195711	nan	1.0	nan
28470	12	1.0	0.5143391765876145	nan	1.0	1.0
28500	12	1.0	0.5146027868698586	nan	1.0	nan
28530	12	1.0	0.5148705315399941	nan	1.0	1.0
28560	12	1.0	0.5151344813316492	nan	1.0	1.0
28590	12	1.0	0.515398143367588	nan	1.0	1.0
28620	12	1.0	0.5156588756068041	nan	1.0	nan
28650	12	1.0	0.515923838673251	nan	1.0	1.0
28680	12	1.0	0.5161874109874751	nan	1.0	nan
28710	12	1.0	0.5164535252982151	nan	1.0	1.0
28740	12	1.0	0.5167097354923992	nan	1.0	1.0
28770	12	1.0	0.5169741121337494	nan	1.0	1.0
28800	12	1.0	0.5172357776678695	nan	1.0	1.0
28830	12	1.0	0.5174980272937075	nan	1.0	nan
28860	12	1.0	0.5177552735129752	nan	1.0	nan
28890	12	1.0	0.518021328268834	nan	1.0	1.0
28920	12	1.0	0.5182796112732849	nan	1.0	nan
28950	12	1.0	0.5185360513498103	nan	1.0	1.0
28980	12	1.0	0.5188007673609618	nan	1.0	1.0
29010	12	1.0	0.5190595291825433	nan	1.0	nan
29040	12	1.0	0.5193181116816665	nan	1.0	nan
29070	12	1.0	0.5195780723171386	nan	1.0	nan
29100	12	1.0	0.5198369249928612	nan	1.0	nan
29130	12	1.0	0.5200928343150965	nan	1.0	nan
29160	12	1.0	0.520353794293074	nan	1.0	nan
29190	12	1.0	0.5206106023458122	nan	1.0	nan
29220	12	1.0	0.5208698741495943	nan	1.0	nan
29250	12	1.0	0.5211294027854444	nan	nan	nan
29280	12	1.0	0.5213881077093893	nan	1.0	nan
29310	12	1.0	0.5216394815632431	nan	1.0	nan
29340	12	1.0	0.5218977474190449	nan	1.0	nan
29370	12	1.0	0.5221541071695953	nan	1.0	nan
29400	12	1.0	0.5224091916970625	nan	1.0	nan
29430	12	1.0	0.5226691692830752	nan	1.0	nan
29460	12	1.0	0.5229215392774792	nan	1.0	nan
29490	12	1.0	0.5231768032400766	nan	1.0	nan
29520	12	1.0	0.5234317930890524	nan	1.0	nan
29550	12	1.0	0.5236843584319447	nan	1.0	nan
29580	12	1.0	0.5239409558382445	nan	1.0	nan
29610	12	1.0	0.5241951296254043	nan	1.0	nan
29640	12	1.0	0.5244502600033957	nan	1.0	nan
29670	12	1.0	0.5247026640381292	nan	1.0	nan
29700	12	1.0	0.5249547873009126	nan	1.0	nan
29730	12	1.0	0.5252091165850207	nan	1.0	nan
29760	12	1.0	0.5254602845619253	nan	1.0	nan
29790	12	1.0	0.5257144911615796	nan	1.0	nan
29820	12	1.0	0.5259667756521902	nan	1.0	nan
29850	12	1.0	0.5262187909132584	nan	1.0	nan
29880	12	1.0	0.5264731032753399	nan	1.0	nan
29910	12	1.0	0.526722019891808	nan	1.0	nan
29940	12	1.0	0.5269732334687064	nan	1.0	nan
29970	12	1.0	0.5272241796622629	nan	1.0	nan
30000	12	1.0	0.5274720973028513	nan	1.0	nan
30030	12	1.0	0.52772527598001	nan	1.0	nan
30060	12	1.0	0.5279791273461026	nan	1.0	nan
30090	12	1.0	0.528224670742667	nan	1.0	nan
30120	12	1.0	0.5284793434835685	nan	1.0	nan
30150	12	1.0	0.5287242882118425	nan	1.0	nan
30180	12	1.0	0.5289715924872226	nan	1.0	nan
30210	12	1.0	0.5292258701775558	nan	1.0	nan
30240	12	1.0	0.5294725721267145	nan	1.0	nan
30270	12	1.0	0.5297190833971165	nan	1.0	nan
30300	12	1.0	0.5299671266583267	nan	nan	nan
30330	12	1.0	0.5302179837651098	nan	1.0	nan
30360	12	1.0	0.5304583327256047	nan	1.0	nan
30390	12	1.0	0.5307096872792119	nan	1.0	nan
30420	12	1.0	0.5309566866608002	nan	nan	nan
30450	12	1.0	0.5311992233653297	nan	1.0	nan
30480	12	1.0	0.5314466468929965	nan	1.0	nan
30510	12	1.0	0.5316942997250768	nan	1.0	nan
30540	12	1.0	0.5319410567483778	nan	1.0	nan
30570	12	1.0	0.5321877928203617	nan	1.0	nan
30600	12	1.0	0.5324363881369372	nan	1.0	nan
30630	12	1.0	0.5326784262140452	nan	1.0	nan
30660	12	1.0	0.5329235912183955	nan	1.0	nan
30690	12	1.0	0.5331691677204754	nan	1.0	nan
30720	12	1.0	0.5334124537063982	nan	1.0	nan
30750	12	1.0	0.5336566168479749	nan	1.0	nan
30780	12	1.0	0.5339005239865772	nan	1.0	nan
30810	12	1.0	0.5341472132536177	nan	1.0	nan
30840	12	1.0	0.5343875748332911	nan	1.0	nan
30870	12	1.0	0.5346307193585422	nan	1.0	nan
30900	12	1.0	0.534874749418086	nan	1.0	nan
30930	12	1.0	0.5351162482247557	nan	1.0	nan
30960	12	1.0	0.5353559173178415	nan	1.0	nan
30990	12	1.0	0.5356045771966492	nan	nan	nan
31020	12	1.0	0.5358426393864266	nan	1.0	nan
31050	12	1.0	0.5360842663295868	nan	1.0	nan
31080	12	1.0	0.5363256419794129	nan	1.0	nan
31110	12	1.0	0.5365667658521232	nan	1.0	nan
31140	12	1.0	0.5368076401287836	nan	1.0	nan
31170	12	1.0	0.5370511129367705	nan	1.0	nan
31200	12	1.0	0.5372886367063681	nan	1.0	nan
31230	12	1.0	0.537528761094512	nan	1.0	nan
31260	12	1.0	0.5377686361948837	nan	1.0	nan
31290	12	1.0	0.5380082629421097	nan	1.0	nan
31320	12	1.0	0.5382476417416969	nan	1.0	nan
31350	12	1.0	0.5384867709743485	nan	1.0	nan
31380	12	1.0	0.5387256537180696	nan	1.0	nan
31410	12	1.0	0.5389653004178312	nan	1.0	nan
31440	12	1.0	0.5392026780671308	nan	1.0	nan
31470	12	1.0	0.5394408198382533	nan	1.0	nan
31500	12	1.0	0.5396787169617915	nan	1.0	nan
31530	12	1.0	0.5399163665246206	nan	1.0	nan
31560	12	1.0	0.5401537719485103	nan	1.0	nan
31590	12	1.0	0.540392471842164	nan	nan	nan
31620	12	1.0	0.540625245236461	nan	1.0	nan
31650	12	1.0	0.5408645211671478	nan	1.0	nan
31680	12	1.0	0.5411030612526001	nan	1.0	nan
31710	12	1.0	0.5413364494242263	nan	1.0	nan
31740	12	1.0	0.5415712085215496	nan	1.0	nan
31770	12	1.0	0.5418049991131008	nan	1.0	nan
31800	12	1.0	0.5420442308978061	nan	nan	nan
31830	12	1.0	0.542279446556167	nan	1.0	nan
31860	12	1.0	0.5425155930607422	nan	1.0	nan
31890	12	1.0	0.5427491519159336	nan	1.0	nan
31920	12	1.0	0.5429863858197645	nan	1.0	nan
31950	12	1.0	0.5432178955564091	nan	1.0	nan
31980	12	1.0	0.5434519059684109	nan	1.0	nan
32010	12	1.0	0.5436826237153111	nan	1.0	nan
32040	12	1.0	0.5439192107752548	nan	nan	nan
32070	12	1.0	0.5441525031565089	nan	1.0	nan
32100	12	1.0	0.5443833882414354	nan	1.0	nan
32130	12	1.0	0.544618374814126	nan	1.0	nan
32160	12	1.0	0.5448497528015754	nan	1.0	nan
32190	12	1.0	0.5450832949068772	nan	1.0	nan
32220	12	1.0	0.5453153998779797	nan	1.0	nan
32250	12	1.0	0.545548407292528	nan	1.0	nan
32280	12	1.0	0.5457788978766692	nan	1.0	nan
32310	12	1.0	0.54601029389693	nan	1.0	nan
32340	12	1.0	0.5462381555861302	nan	1.0	nan
32370	12	1.0	0.5464723773141567	nan	1.0	nan
32400	12	1.0	0.5467009449921865	nan	1.0	nan
32430	12	1.0	0.5469379938596822	nan	1.0	nan
32460	12	1.0	0.5471637426797529	nan	nan	nan
32490	12	1.0	0.5473937289003732	nan	1.0	nan
32520	12	1.0	0.5476222865358997	nan	1.0	nan
32550	12	1.0	0.5478571657127312	nan	1.0	nan
32580	12	1.0	0.5480834873246232	nan	1.0	nan
32610	12	1.0	0.5483113444030199	nan	1.0	nan
32640	12	1.0	0.5485407818748085	nan	1.0	nan
32670	12	1.0	0.54876875816035	nan	1.0	nan
32700	12	1.0	0.5489971179294858	nan	1.0	nan
32730	12	1.0	0.5492252473980889	nan	1.0	nan
32760	12	1.0	0.549453144492711	nan	1.0	nan
32790	12	1.0	0.5496808132854804	nan	1.0	nan
32820	12	1.0	0.5499107383267836	nan	1.0	nan
32850	12	1.0	0.5501385237783902	nan	1.0	nan
32880	12	1.0	0.5503624372502679	nan	1.0	1.0
32910	12	1.0	0.550589187249074	nan	1.0	1.0
32940	12	1.0	0.5508157091455085	nan	1.0	1.0
32970	12	1.0	0.5510420015948482	nan	1.0	1.0
33000	12	1.0	0.5512680676859337	nan	1.0	1.0
33030	12	1.0	0.5514939053586755	nan	1.0	nan
33060	12	1.0	0.551722556676289	nan	1.0	nan
33090	12	1.0	0.551944898959571	nan	1.0	nan
33120	12	1.0	0.5521728223040767	nan	1.0	nan
33150	12	1.0	0.5523949874944374	nan	1.0	nan
33180	12	1.0	0.5526226083357306	nan	1.0	1.0
33210	12	1.0	0.5528441722019077	nan	1.0	1.0
33240	12	1.0	0.5530684258612619	nan	1.0	1.0
33270	12	1.0	0.5532925658064477	nan	1.0	1.0
33300	12	1.0	0.5535162612666829	nan	1.0	nan
33330	12	1.0	0.5537398417239792	nan	1.0	1.0
33360	12	1.0	0.553963198756912	nan	1.0	1.0
33390	12	1.0	0.5541863325613365	nan	1.0	1.0
33420	12	1.0	0.5544058373587994	nan	1.0	1.0
33450	12	1.0	0.5546319305696885	nan	1.0	1.0
33480	12	1.0	0.554854396563205	nan	1.0	1.0
33510	12	1.0	0.5550788984310463	nan	1.0	1.0
33540	12	1.0	0.5552986609506559	nan	1.0	1.0
33570	12	1.0	0.5555211387451761	nan	1.0	1.0
33600	12	1.0	0.5557425258055209	nan	1.0	1.0
33630	12	1.0	0.5559633972039812	nan	1.0	1.0
33660	12	1.0	0.5561845346221103	nan	1.0	1.0
33690	12	1.0	0.5564054523607533	nan	1.0	1.0
33720	12	1.0	0.5566285942451796	nan	1.0	1.0
33750	12	1.0	0.5568478636738876	nan	1.0	1.0
33780	12	1.0	0.5570668860144073	nan	1.0	1.0
33810	12	1.0	0.5572847969878061	nan	1.0	1.0
33840	12	1.0	0.5575067471182447	nan	1.0	1.0
33870	12	1.0	0.5577263509611673	nan	1.0	1.0
33900	12	1.0	0.5579425502726137	nan	1.0	1.0
33930	12	1.0	0.5581649041190623	nan	1.0	1.0
33960	12	1.0	0.5583868790536116	nan	1.0	1.0
33990	12	1.0	0.5586025871514285	nan	1.0	1.0
34020	12	1.0	0.5588211062019779	nan	1.0	1.0
34050	12	1.0	0.5590360318608611	nan	1.0	1.0
34080	12	1.0	0.5592589819794346	nan	1.0	1.0
34110	12	1.0	0.5594741130717262	nan	1.0	1.0
34140	12	1.0	0.5596954307742646	nan	1.0	1.0
34170	12	1.0	0.5599104542199298	nan	1.0	1.0
34200	12	1.0	0.5601276783893404	nan	1.0	1.0
34230	12	1.0	0.5603451254951314	nan	1.0	1.0
34260	12	1.0	0.5605614851103411	nan	1.0	1.0
34290	12	1.0	0.5607820198199268	nan	1.0	1.0
34320	12	1.0	0.5609944368729649	nan	1.0	1.0
34350	12	1.0	0.5612105921859111	nan	1.0	1.0
34380	12	1.0	0.5614254553623609	nan	1.0	1.0
34410	12	1.0	0.5616377466844747	nan	1.0	1.0
34440	12	1.0	0.5618577851015298	nan	1.0	1.0
34470	12	1.0	0.5620754005164749	nan	1.0	1.0
34500	12	1.0	0.5622881875309	nan	1.0	1.0
34530	12	1.0	0.5625030718767161	nan	1.0	1.0
34560	12	1.0	0.5627177443546737	nan	1.0	1.0
34590	12	1.0	0.5629338189679828	nan	1.0	1.0
34620	12	1.0	0.5631464600996038	nan	1.0	1.0
34650	12	1.0	0.5633633817221468	nan	1.0	1.0
34680	12	1.0	0.5635756014074046	nan	1.0	1.0
34710	12	1.0	0.5637923305781773	nan	1.0	1.0
34740	12	1.0	0.5640013725168225	nan	1.0	1.0
34770	12	1.0	0.5642145788029589	nan	1.0	1.0
34800	12	1.0	0.5644275755279845	nan	1.0	1.0
34830	12	1.0	0.5646433043760071	nan	1.0	1.0
34860	12	1.0	0.5648529466572133	nan	1.0	1.0
34890	12	1.0	0.5650653211066023	nan	1.0	1.0
34920	12	1.0	0.5652774877118122	nan	1.0	1.0
34950	12	1.0	0.5654907220821963	nan	1.0	1.0
34980	12	1.0	0.5657007601612665	nan	1.0	1.0
35010	12	1.0	0.5659127470893833	nan	1.0	1.0
35040	12	1.0	0.5661240881052809	nan	1.0	1.0
35070	12	1.0	0.5663376500588758	nan	1.0	1.0
35100	12	1.0	0.5665448767389756	nan	1.0	1.0
35130	12	1.0	0.5667568788241052	nan	1.0	1.0
35160	12	1.0	0.5669644472504299	nan	1.0	1.0
35190	12	1.0	0.5671777134102494	nan	1.0	1.0
35220	12	1.0	0.5673878251567029	nan	1.0	1.0
35250	12	1.0	0.5675977329185558	nan	1.0	1.0
35280	12	1.0	0.5678074354528015	nan	1.0	1.0
35310	12	1.0	0.5680164848736718	nan	1.0	1.0
35340	12	1.0	0.5682235011348087	nan	1.0	1.0
35370	12	1.0	0.5684353287209295	nan	1.0	1.0
35400	12	1.0	0.5686442209706937	nan	1.0	1.0
35430	12	1.0	0.568852911719496	nan	1.0	1.0
35460	12	1.0	0.5690595294747629	nan	1.0	1.0
35490	12	1.0	0.5692696874842026	nan	1.0	1.0
35520	12	1.0	0.569477772947638	nan	1.0	1.0
35550	12	1.0	0.5696807387980143	nan	1.0	1.0
35580	12	1.0	0.5698933418901307	nan	1.0	1.0
35610	12	1.0	0.5701051215665143	nan	nan	1.0
35640	12	1.0	0.5703123671199214	nan	1.0	1.0
35670	12	1.0	0.5705106208563359	nan	1.0	1.0
35700	12	1.0	0.5707169341859115	nan	1.0	1.0
35730	12	1.0	0.5709246266716239	nan	1.0	1.0
35760	12	1.0	0.5711352478836642	nan	1.0	1.0
35790	12	1.0	0.5713415355420959	nan	1.0	1.0
35820	12	1.0	0.5715476239617754	nan	1.0	1.0
35850	12	1.0	0.5717535147441419	nan	1.0	1.0
35880	12	1.0	0.5719592082048839	nan	1.0	1.0
35910	12	1.0	0.5721633989231697	nan	1.0	1.0
35940	12	1.0	0.5723700032946659	nan	1.0	1.0
35970	12	1.0	0.5725772530851767	nan	1.0	1.0
36000	12	1.0	0.5727800093568204	nan	1.0	1.0
36030	12	1.0	0.5729824223156965	nan	1.0	1.0
36060	12	1.0	0.5731917671372303	nan	1.0	1.0
36090	12	1.0	0.5733935465692693	nan	1.0	1.0
36120	12	1.0	0.5735976690596645	nan	1.0	1.0
36150	12	1.0	0.5738015941194877	nan	1.0	1.0
36180	12	1.0	0.5740053251721132	nan	1.0	1.0
36210	12	1.0	0.5742088617401385	nan	1.0	1.0
36240	12	1.0	0.5744122039298173	nan	1.0	1.0
36270	12	1.0	0.5746101705951007	nan	1.0	1.0
36300	12	1.0	0.574818304300293	nan	1.0	1.0
36330	12	1.0	0.5750210658704481	nan	1.0	1.0
36360	12	1.0	0.5752264204010157	nan	1.0	1.0
36390	12	1.0	0.575425536363877	nan	1.0	1.0
36420	12	1.0	0.5756281875642976	nan	1.0	1.0
36450	12	1.0	0.5758301770827952	nan	1.0	1.0
36480	12	1.0	0.5760319732880048	nan	1.0	1.0
36510	12	1.0	0.5762313177166675	nan	1.0	1.0
36540	12	1.0	0.576434990455925	nan	1.0	1.0
36570	12	1.0	0.5766403499381819	nan	1.0	1.0
36600	12	1.0	0.5768372439371476	nan	1.0	1.0
36630	12	1.0	0.5770380829229351	nan	1.0	1.0
36660	12	1.0	0.5772387329812741	nan	1.0	1.0
36690	12	1.0	0.577439190790144	nan	1.0	1.0
36720	12	1.0	0.5776394601636564	nan	1.0	1.0
36750	12	1.0	0.5778363608419446	nan	1.0	1.0
36780	12	1.0	0.5780372899033626	nan	1.0	1.0
36810	12	1.0	0.5782370247584437	nan	1.0	1.0
36840	12	1.0	0.5784355634684727	nan	1.0	1.0
36870	12	1.0	0.5786379643659921	nan	1.0	1.0
36900	12	1.0	0.5788370995351391	nan	1.0	1.0
36930	12	1.0	0.579036045301773	nan	1.0	1.0
36960	12	1.0	0.579234804560025	nan	1.0	1.0
36990	12	1.0	0.5794356585114716	nan	1.0	1.0
37020	12	1.0	0.5796317589630203	nan	1.0	1.0
37050	12	1.0	0.5798264879960772	nan	1.0	nan
37080	12	1.0	0.580027964926518	nan	1.0	1.0
37110	12	1.0	0.5802257877400934	nan	1.0	nan
37140	12	1.0	0.580424768093226	nan	1.0	nan
37170	12	1.0	0.580623961191727	nan	1.0	nan
37200	12	1.0	0.5808181412639157	nan	1.0	1.0
37230	12	1.0	0.5810152202861376	nan	1.0	1.0
37260	12	1.0	0.5812121151914458	nan	1.0	1.0
37290	12	1.0	0.5814099027038054	nan	1.0	1.0
37320	12	1.0	0.5816053492676758	nan	1.0	nan
37350	12	1.0	0.5818016896523681	nan	1.0	1.0
37380	12	1.0	0.5819991961914611	nan	1.0	nan
37410	12	1.0	0.5821973974201532	nan	1.0	1.0
37440	12	1.0	0.5823909554435593	nan	1.0	nan
37470	12	1.0	0.5825852115715314	nan	1.0	1.0
37500	12	1.0	0.58278541739932	nan	1.0	1.0
37530	12	1.0	0.5829762625079752	nan	1.0	nan
37560	12	1.0	0.5831709295906011	nan	1.0	nan
37590	12	1.0	0.58336917199672	nan	1.0	nan
37620	12	1.0	0.583560494924646	nan	1.0	nan
37650	12	1.0	0.5837550052447531	nan	nan	nan
37680	12	1.0	0.5839506896557733	nan	1.0	nan
37710	12	1.0	0.5841429893112827	nan	1.0	nan
37740	12	1.0	0.5843374460889924	nan	1.0	nan
37770	12	1.0	0.5845312323607321	nan	1.0	nan
37800	12	1.0	0.5847281043274998	nan	1.0	nan
37830	12	1.0	0.5849182605037777	nan	1.0	nan
37860	12	1.0	0.5851115038765646	nan	1.0	nan
37890	12	1.0	0.5853021115495208	nan	1.0	nan
37920	12	1.0	0.5855016657576988	nan	1.0	nan
37950	12	1.0	0.585690157923866	nan	1.0	nan
37980	12	1.0	0.5858785121503507	nan	1.0	nan
38010	12	1.0	0.586075031964904	nan	nan	nan
38040	12	1.0	0.5862685673612898	nan	1.0	nan
38070	12	1.0	0.5864591897317919	nan	1.0	nan
38100	12	1.0	0.5866536182489234	nan	1.0	1.0
38130	12	1.0	0.5868456361496558	nan	1.0	nan
38160	12	1.0	0.5870340945062511	nan	1.0	nan
38190	12	1.0	0.5872253741319493	nan	1.0	nan
38220	12	1.0	0.5874151001082659	nan	1.0	1.0
38250	12	1.0	0.5876060246246222	nan	1.0	1.0
38280	12	1.0	0.5877981467655189	nan	1.0	nan
38310	12	1.0	0.5879879694600519	nan	1.0	nan
38340	12	1.0	0.5881808582067519	nan	1.0	nan
38370	12	1.0	0.5883724951970702	nan	1.0	nan
38400	12	1.0	0.5885593846566016	nan	1.0	nan
38430	12	1.0	0.588749253147655	nan	1.0	1.0
38460	12	1.0	0.5889389468988945	nan	1.0	nan
38490	12	1.0	0.5891284666214129	nan	nan	nan
38520	12	1.0	0.5893178121859421	nan	1.0	nan
38550	12	1.0	0.5895069815148979	nan	1.0	nan
38580	12	1.0	0.5896994455436443	nan	1.0	nan
38610	12	1.0	0.5898834159515003	nan	1.0	1.0
38640	12	1.0	0.5900751175595463	nan	1.0	nan
38670	12	1.0	0.5902568868815905	nan	1.0	nan
38700	12	1.0	0.5904502247702863	nan	1.0	nan
38730	12	1.0	0.5906383524404536	nan	nan	nan
38760	12	1.0	0.590825114396538	nan	1.0	nan
38790	12	1.0	0.5910140919674622	nan	1.0	nan
38820	12	1.0	0.591200830219215	nan	1.0	nan
38850	12	1.0	0.591389142851425	nan	1.0	nan
38880	12	1.0	0.5915764101806147	nan	1.0	nan
38910	12	1.0	0.5917635052709487	nan	nan	nan
38940	12	1.0	0.5919536944476979	nan	1.0	nan
38970	12	1.0	0.5921352260766204	nan	1.0	nan
39000	12	1.0	0.5923237647060209	nan	1.0	nan
39030	12	1.0	0.5925126080938053	nan	1.0	nan
39060	12	1.0	0.5926964183197233	nan	1.0	nan
39090	12	1.0	0.5928778702452063	nan	1.0	nan
39120	12	1.0	0.5930711802734373	nan	1.0	nan
39150	12	1.0	0.5932541222176354	nan	1.0	nan
39180	12	1.0	0.5934396842840678	nan	1.0	nan
39210	12	1.0	0.5936250774172168	nan	1.0	nan
39240	12	1.0	0.5938147709468715	nan	1.0	nan
39270	12	1.0	0.5939953558631986	nan	1.0	nan
39300	12	1.0	0.5941802439234111	nan	1.0	nan
39330	12	1.0	0.5943645420835594	nan	1.0	nan
39360	12	1.0	0.5945495120674309	nan	1.0	nan
39390	12	1.0	0.5947403190075125	nan	1.0	nan
39420	12	1.0	0.5949181081104202	nan	1.0	1.0
39450	12	1.0	0.5951021540113238	nan	nan	nan
39480	12	1.0	0.5952899256248941	nan	1.0	nan
39510	12	1.0	0.5954697483531437	nan	1.0	nan
39540	12	1.0	0.5956568038330038	nan	1.0	1.0
39570	12	1.0	0.5958332247103262	nan	1.0	nan
39600	12	1.0	0.5960198890537699	nan	1.0	nan
39630	12	1.0	0.5961997599158199	nan	1.0	nan
39660	12	1.0	0.5963839057245144	nan	1.0	nan
39690	12	1.0	0.5965685347488084	nan	1.0	nan
39720	12	1.0	0.5967525401544375	nan	1.0	nan
39750	12	1.0	0.5969334721704445	nan	1.0	1.0
39780	12	1.0	0.5971156915338676	nan	1.0	nan
39810	12	1.0	0.5972977479623519	nan	1.0	nan
39840	12	1.0	0.5974796406629059	nan	1.0	nan
39870	12	1.0	0.5976618888542242	nan	1.0	nan
39900	12	1.0	0.5978429319672872	nan	1.0	nan
39930	12	1.0	0.5980243312727879	nan	1.0	nan
39960	12	1.0	0.5982031242197108	nan	nan	1.0
39990	12	1.0	0.5983866398934554	nan	nan	nan
40020	12	1.0	0.5985675499990436	nan	1.0	nan
40050	12	1.0	0.5987482953231964	nan	1.0	nan
40080	12	1.0	0.5989288804030313	nan	1.0	nan
40110	12	1.0	0.5991155461020657	nan	1.0	nan
40140	12	1.0	0.5992885483655562	nan	1.0	1.0
40170	12	1.0	0.5994731721947972	nan	1.0	nan
40200	12	1.0	0.5996464538358247	nan	1.0	nan
40230	12	1.0	0.5998293678414974	nan	1.0	nan
40260	12	1.0	0.6000089813119046	nan	1.0	nan
40290	12	1.0	0.6001912936339254	nan	1.0	nan
40320	12	1.0	0.6003677220821957	nan	1.0	1.0
40350	12	1.0	0.6005502817889257	nan	1.0	nan
40380	12	1.0	0.6007258209862507	nan	1.0	nan
40410	12	1.0	0.6009046299197345	nan	1.0	1.0
40440	12	1.0	0.6010823719256136	nan	1.0	1.0
40470	12	1.0	0.6012565872483907	nan	1.0	nan
40500	12	1.0	0.6014400957739618	nan	1.0	nan
40530	12	1.0	0.6016182664290459	nan	1.0	nan
40560	12	1.0	0.6017962767280077	nan	1.0	1.0
40590	12	1.0	0.6019741287895722	nan	1.0	1.0
40620	12	1.0	0.6021518212517024	nan	1.0	1.0
40650	12	1.0	0.6023293552301511	nan	1.0	1.0
40680	12	1.0	0.6025067309492502	nan	1.0	nan
40710	12	1.0	0.6026839484321982	nan	1.0	nan
40740	12	1.0	0.6028610079048814	nan	1.0	nan
40770	12	1.0	0.603037910446189	nan	1.0	nan
40800	12	1.0	0.6032146553830418	nan	1.0	1.0
40830	12	1.0	0.6033912418483122	nan	1.0	nan
40860	12	1.0	0.6035683027014975	nan	1.0	nan
40890	12	1.0	0.6037439442632503	nan	1.0	nan
40920	12	1.0	0.60391681277988	nan	1.0	nan
40950	12	1.0	0.6040945665458886	nan	1.0	1.0
40980	12	1.0	0.6042718261512988	nan	1.0	nan
41010	12	1.0	0.6044474712638435	nan	1.0	nan
41040	12	1.0	0.6046244221843143	nan	1.0	nan
41070	12	1.0	0.6047983012607047	nan	1.0	nan
41100	12	1.0	0.6049778855980731	nan	1.0	nan
41130	12	1.0	0.605148506010692	nan	1.0	1.0
41160	12	1.0	0.6053233774787414	nan	1.0	nan
41190	12	1.0	0.605498092622844	nan	1.0	nan
41220	12	1.0	0.6056668800003789	nan	1.0	1.0
41250	12	1.0	0.6058422987514948	nan	1.0	nan
41280	12	1.0	0.6060248070402238	nan	1.0	nan
41310	12	1.0	0.606195411113013	nan	1.0	nan
41340	12	1.0	0.6063693555524045	nan	1.0	1.0
41370	12	1.0	0.6065431456312677	nan	1.0	nan
41400	12	1.0	0.6067167837612414	nan	1.0	nan
41430	12	1.0	0.6068940108824831	nan	1.0	nan
41460	12	1.0	0.6070635996717925	nan	1.0	nan
41490	12	1.0	0.6072367775005187	nan	1.0	nan
41520	12	1.0	0.607409803618574	nan	1.0	nan
41550	12	1.0	0.60758590678598	nan	1.0	nan
41580	12	1.0	0.6077609682885745	nan	1.0	nan
41610	12	1.0	0.6079243511713531	nan	1.0	1.0
41640	12	1.0	0.6081003861725285	nan	1.0	nan
41670	12	1.0	0.6082726522946227	nan	1.0	nan
41700	12	1.0	0.6084415720879507	nan	1.0	nan
41730	12	1.0	0.6086167302491683	nan	1.0	1.0
41760	12	1.0	0.6087885429998793	nan	1.0	nan
41790	12	1.0	0.6089567176207112	nan	1.0	1.0
41820	12	1.0	0.6091340470033196	nan	1.0	nan
41850	12	1.0	0.609303076499253	nan	1.0	nan
41880	12	1.0	0.6094742170262951	nan	1.0	nan
41910	12	1.0	0.609645347836624	nan	1.0	nan
41940	12	1.0	0.6098147672074455	nan	1.0	nan
41970	12	1.0	0.6099870203956095	nan	1.0	nan
42000	12	1.0	0.610157632736151	nan	1.0	nan
42030	12	1.0	0.6103280953590494	nan	1.0	nan
42060	12	1.0	0.610497012914555	nan	1.0	nan
42090	12	1.0	0.6106737534355959	nan	1.0	nan
42120	12	1.0	0.6108387072485173	nan	1.0	nan
42150	12	1.0	0.6110084575996514	nan	1.0	nan
42180	12	1.0	0.6111807830231824	nan	1.0	nan
42210	12	1.0	0.6113445225274197	nan	1.0	nan
42240	12	1.0	0.6115202664210815	nan	1.0	nan
42270	12	1.0	0.6116864481187669	nan	1.0	nan
42300	12	1.0	0.6118555766705718	nan	1.0	nan
42330	12	1.0	0.6120245571697287	nan	1.0	nan
42360	12	1.0	0.6121943869929959	nan	1.0	nan
42390	12	1.0	0.6123586697467622	nan	1.0	nan
42420	12	1.0	0.6125306199148277	nan	1.0	nan
42450	12	1.0	0.6127024513399838	nan	1.0	nan
42480	12	1.0	0.6128672619730748	nan	1.0	nan
42510	12	1.0	0.6130353640443174	nan	1.0	nan
42540	12	1.0	0.6131978787664049	nan	1.0	nan
42570	12	1.0	0.6133711290435321	nan	1.0	nan
42600	12	1.0	0.6135411024183507	nan	1.0	nan
42630	12	1.0	0.613706313339138	nan	1.0	nan
42660	12	1.0	0.6138712029428289	nan	1.0	nan
42690	12	1.0	0.6140409166484663	nan	1.0	1.0
42720	12	1.0	0.614203158479578	nan	1.0	nan
42750	12	1.0	0.6143749402956671	nan	1.0	nan
42780	12	1.0	0.6145417358189348	nan	1.0	nan
42810	12	1.0	0.6147083871139006	nan	1.0	nan
42840	12	1.0	0.6148748936280046	nan	1.0	nan
42870	12	1.0	0.6150412570033164	nan	1.0	nan
42900	12	1.0	0.6152074759627735	nan	1.0	nan
42930	12	1.0	0.6153761376305099	nan	1.0	nan
42960	12	1.0	0.6155394869465363	nan	1.0	nan
42990	12	1.0	0.6157052742153466	nan	1.0	nan
43020	12	1.0	0.6158743868380628	nan	1.0	nan
43050	12	1.0	0.6160364248751501	nan	1.0	nan
43080	12	1.0	0.6162054900607118	nan	1.0	nan
43110	12	1.0	0.6163670048256407	nan	1.0	nan
43140	12	1.0	0.6165320826895302	nan	1.0	nan
43170	12	1.0	0.6166970166670731	nan	1.0	nan
43200	12	1.0	0.6168618083898881	nan	1.0	nan
43230	12	1.0	0.6170264614400146	nan	1.0	nan
43260	12	1.0	0.6171909705212584	nan	1.0	nan
43290	12	1.0	0.6173588074830154	nan	1.0	nan
43320	12	1.0	0.6175195665979111	nan	1.0	nan
43350	12	1.0	0.6176793487065769	nan	1.0	nan
43380	12	1.0	0.6178476003817798	nan	1.0	nan
43410	12	1.0	0.6180114049395822	nan	1.0	nan
43440	12	1.0	0.6181750707454272	nan	1.0	nan
43470	12	1.0	0.6183385950295279	nan	1.0	nan
43500	12	1.0	0.6185019793059586	nan	1.0	nan
43530	12	1.0	0.6186652245038641	nan	1.0	nan
43560	12	1.0	0.6188283302959916	nan	1.0	nan
43590	12	1.0	0.6189912968572172	nan	1.0	nan
43620	12	1.0	0.6191541223247299	nan	1.0	nan
43650	12	1.0	0.619318339497229	nan	1.0	nan
43680	12	1.0	0.6194765709576241	nan	1.0	nan
43710	12	1.0	0.6196417685966017	nan	1.0	nan
43740	12	1.0	0.619799315895952	nan	1.0	nan
43770	12	1.0	0.6199661723992665	nan	1.0	nan
43800	12	1.0	0.6201331201197781	nan	1.0	nan
43830	12	1.0	0.6202900245989312	nan	1.0	nan
43860	12	1.0	0.620451741628794	nan	1.0	nan
43890	12	1.0	0.6206133228629743	nan	1.0	nan
43920	12	1.0	0.6207772471741182	nan	1.0	nan
43950	12	1.0	0.620936072753662	nan	1.0	nan
43980	12	1.0	0.6210972409581128	nan	1.0	nan
44010	12	1.0	0.6212582736230582	nan	1.0	nan
44040	12	1.0	0.6214227096504994	nan	1.0	nan
44070	12	1.0	0.6215781291641825	nan	1.0	nan
44100	12	1.0	0.6217459452458014	nan	1.0	nan
44130	12	1.0	0.62190103451573	nan	1.0	nan
44160	12	1.0	0.6220571868239665	nan	1.0	nan
44190	12	1.0	0.6222215970497292	nan	1.0	nan
44220	12	1.0	0.6223816753107009	nan	1.0	nan
44250	12	1.0	0.6225416180081175	nan	1.0	nan
44280	12	1.0	0.6227014255774727	nan	1.0	nan
44310	12	1.0	0.6228610963689147	nan	1.0	nan
44340	12	1.0	0.6230206326144001	nan	1.0	nan
44370	12	1.0	0.6231830180993982	nan	1.0	nan
44400	12	1.0	0.6233393007848134	nan	1.0	nan
44430	12	1.0	0.6234984332356714	nan	1.0	nan
44460	12	1.0	0.6236574308050116	nan	1.0	nan
44490	12	1.0	0.6238179941997948	nan	1.0	nan
44520	12	1.0	0.6239730632111073	nan	1.0	nan
44550	12	1.0	0.6241297602587176	nan	1.0	nan
44580	12	1.0	0.6242974051722759	nan	1.0	nan
44610	12	1.0	0.6244504099389551	nan	1.0	nan
44640	12	1.0	0.624608604917562	nan	1.0	nan
44670	12	1.0	0.624766667422548	nan	1.0	nan
44700	12	1.0	0.6249222111288968	nan	1.0	nan
44730	12	1.0	0.625077828445889	nan	1.0	nan
44760	12	1.0	0.6252459814834196	nan	1.0	nan
44790	12	1.0	0.6253975844855094	nan	1.0	nan
44820	12	1.0	0.6255576186681274	nan	1.0	nan
44850	12	1.0	0.6257122495229456	nan	1.0	nan
44880	12	1.0	0.6258711262352228	nan	1.0	nan
44910	12	1.0	0.6260263842365357	nan	1.0	nan
44940	12	1.0	0.6261832550791795	nan	1.0	nan
44970	12	1.0	0.6263396340491209	nan	1.0	nan
45000	12	1.0	0.6264966020546441	nan	1.0	nan
45030	12	1.0	0.6266530775233536	nan	1.0	nan
45060	12	1.0	0.6268088444428592	nan	1.0	nan
45090	12	1.0	0.6269656363190184	nan	1.0	nan
45120	12	1.0	0.6271217209781105	nan	1.0	nan
45150	12	1.0	0.627278754949067	nan	1.0	nan
45180	12	1.0	0.6274334953215145	nan	1.0	nan
45210	12	1.0	0.6275924234888072	nan	1.0	nan
45240	12	1.0	0.6277447514679859	nan	1.0	nan
45270	12	1.0	0.6279001833157247	nan	1.0	nan
45300	12	1.0	0.6280554863127537	nan	1.0	nan
45330	12	1.0	0.628209085455119	nan	1.0	nan
45360	12	1.0	0.6283622352390145	nan	1.0	nan
45390	12	1.0	0.6285206168532694	nan	1.0	nan
45420	12	1.0	0.6286754017455513	nan	1.0	nan
45450	12	1.0	0.6288322366987326	nan	1.0	nan
45480	12	1.0	0.6289845861569934	nan	1.0	nan
45510	12	1.0	0.6291389839892569	nan	1.0	nan
45540	12	1.0	0.6292932550074355	nan	1.0	nan
45570	12	1.0	0.6294494607507779	nan	1.0	nan
45600	12	1.0	0.6296057634702548	nan	1.0	nan
45630	12	1.0	0.6297552978925327	nan	1.0	nan
45660	12	1.0	0.6299090566834789	nan	1.0	nan
45690	12	1.0	0.6300626856044161	nan	1.0	nan
45720	12	1.0	0.6302177730592334	nan	1.0	nan
45750	12	1.0	0.6303695651018716	nan	1.0	nan
45780	12	1.0	0.6305228136265894	nan	1.0	nan
45810	12	1.0	0.6306759352289961	nan	1.0	nan
45840	12	1.0	0.630828929945109	nan	1.0	nan
45870	12	1.0	0.6309842604610517	nan	1.0	nan
45900	12	1.0	0.631128630327739	nan	1.0	nan
45930	12	1.0	0.6312871543442019	nan	1.0	nan
45960	12	1.0	0.631441231063507	nan	1.0	nan
45990	12	1.0	0.6315891529856723	nan	1.0	nan
46020	12	1.0	0.6317442417704051	nan	1.0	nan
46050	12	1.0	0.6318912401332475	nan	1.0	nan
46080	12	1.0	0.6320487569266003	nan	1.0	nan
46110	12	1.0	0.6322063518742526	nan	1.0	nan
46140	12	1.0	0.6323519339499994	nan	1.0	nan
46170	12	1.0	0.632509028931787	nan	1.0	nan
46200	12	1.0	0.6326540996861587	nan	1.0	nan
46230	12	1.0	0.6328119971852677	nan	1.0	nan
46260	12	1.0	0.6329576234630415	nan	1.0	nan
46290	12	1.0	0.6331024792721274	nan	1.0	nan
46320	12	1.0	0.6332606007420436	nan	1.0	nan
46350	12	1.0	0.6334060165768793	nan	1.0	nan
46380	12	1.0	0.6335642897833563	nan	1.0	nan
46410	12	1.0	0.6337119326974162	nan	1.0	nan
46440	12	1.0	0.6338666682872475	nan	1.0	nan
46470	12	1.0	0.634012359808395	nan	1.0	nan
46500	12	1.0	0.6341581191154063	nan	1.0	nan
46530	12	1.0	0.6343167682502195	nan	1.0	nan
46560	12	1.0	0.6344610668030927	nan	1.0	nan
46590	12	1.0	0.6346130239262845	nan	1.0	nan
46620	12	1.0	0.6347659046961776	nan	1.0	nan
46650	12	1.0	0.6349104066411345	nan	1.0	nan
46680	12	1.0	0.6350619075554176	nan	1.0	nan
46710	12	1.0	0.6352140706117387	nan	1.0	nan
46740	12	1.0	0.6353605496825503	nan	1.0	nan
46770	12	1.0	0.6355096904299676	nan	1.0	nan
46800	12	1.0	0.6356587061765898	nan	1.0	nan
46830	12	1.0	0.635810999104779	nan	1.0	nan
46860	12	1.0	0.6359563754492766	nan	1.0	nan
46890	12	1.0	0.6361050269270905	nan	1.0	nan
46920	12	1.0	0.6362535579137704	nan	1.0	nan
46950	12	1.0	0.6364035807032428	nan	1.0	nan
46980	12	1.0	0.6365502556042328	nan	1.0	nan
47010	12	1.0	0.6366984237502145	nan	1.0	nan
47040	12	1.0	0.6368433838921678	nan	1.0	nan
47070	12	1.0	0.6369904466238495	nan	1.0	nan
47100	12	1.0	0.6371359626604173	nan	1.0	nan
47130	12	1.0	0.6372898872235014	nan	1.0	nan
47160	12	1.0	0.6374390703839091	nan	1.0	nan
47190	12	1.0	0.6375848970066772	nan	1.0	nan
47220	12	1.0	0.637732222476227	nan	1.0	nan
47250	12	1.0	0.6378791253355293	nan	1.0	nan
47280	12	1.0	0.6380250452496415	nan	1.0	nan
47310	12	1.0	0.6381734809536431	nan	1.0	nan
47340	12	1.0	0.6383203276885736	nan	1.0	nan
47370	12	1.0	0.638467054413346	nan	1.0	nan
47400	12	1.0	0.6386110234906472	nan	1.0	nan
47430	12	1.0	0.638760155699499	nan	1.0	nan
47460	12	1.0	0.6389036047562083	nan	1.0	nan
47490	12	1.0	0.6390527788382021	nan	1.0	nan
47520	12	1.0	0.6391964503244136	nan	1.0	nan
47550	12	1.0	0.6393449293221665	nan	1.0	nan
47580	12	1.0	0.6394908276408329	nan	1.0	nan
47610	12	1.0	0.6396366058056172	nan	1.0	nan
47640	12	1.0	0.639781322596044	nan	1.0	nan
47670	12	1.0	0.6399278139944554	nan	1.0	nan
47700	12	1.0	0.6400732409945051	nan	1.0	nan
47730	12	1.0	0.6402219051581092	nan	1.0	nan
47760	12	1.0	0.640363743657875	nan	1.0	nan
47790	12	1.0	0.6405143296178916	nan	1.0	nan
47820	12	1.0	0.6406483780862569	nan	1.0	nan
47850	12	1.0	0.6407955688151176	nan	1.0	nan
47880	12	1.0	0.6409433418991735	nan	1.0	nan
47910	12	1.0	0.6410885173892821	nan	1.0	nan
47940	12	1.0	0.6412324413858274	nan	1.0	nan
47970	12	1.0	0.6413768170120868	nan	1.0	nan
48000	12	1.0	0.6415161450939476	nan	1.0	nan
48030	12	1.0	0.6416620954639684	nan	1.0	nan
48060	12	1.0	0.6418092458172732	nan	1.0	nan
48090	12	1.0	0.6419531572337104	nan	1.0	nan
48120	12	1.0	0.6420969533316374	nan	1.0	nan
48150	12	1.0	0.6422406334391925	nan	1.0	nan
48180	12	1.0	0.6423846239077171	nan	1.0	nan
48210	12	1.0	0.6425309685124923	nan	1.0	nan
48240	12	1.0	0.6426709824173464	nan	1.0	nan
48270	12	1.0	0.6428142032467306	nan	1.0	nan
48300	12	1.0	0.6429605226718582	nan	1.0	nan
48330	12	1.0	0.6430986501054248	nan	1.0	nan
48360	12	1.0	0.6432406200369981	nan	1.0	nan
48390	12	1.0	0.6433859368992582	nan	1.0	nan
48420	12	1.0	0.6435226101118345	nan	1.0	nan
48450	12	1.0	0.6436711174013835	nan	1.0	nan
48480	12	1.0	0.6438106659596038	nan	1.0	nan
48510	12	1.0	0.6439558423424043	nan	1.0	nan
48540	12	1.0	0.6440980346249804	nan	1.0	nan
48570	12	1.0	0.6442401129566979	nan	1.0	nan
48600	12	1.0	0.6443820779082697	nan	1.0	nan
48630	12	1.0	0.64452724715982	nan	1.0	nan
48660	12	1.0	0.6446656691919462	nan	1.0	nan
48690	12	1.0	0.6448103661786728	nan	1.0	nan
48720	12	1.0	0.6449445630304362	nan	1.0	nan
48750	12	1.0	0.6450920760370714	nan	1.0	nan
48780	12	1.0	0.6452263908388904	nan	1.0	nan
48810	12	1.0	0.6453726709379117	nan	1.0	nan
48840	12	1.0	0.6455084643716898	nan	1.0	nan
48870	12	1.0	0.6456545750085662	nan	1.0	nan
48900	12	1.0	0.6457955216125226	nan	1.0	nan
48930	12	1.0	0.6459362493389375	nan	1.0	nan
48960	12	1.0	0.6460768634190586	nan	1.0	nan
48990	12	1.0	0.6462213847779431	nan	1.0	nan
49020	12	1.0	0.6463577608672163	nan	1.0	nan
49050	12	1.0	0.6465026637938616	nan	1.0	nan
49080	12	1.0	0.6466382095087463	nan	1.0	nan
49110	12	1.0	0.6467766018684961	nan	1.0	nan
49140	12	1.0	0.646920876579595	nan	1.0	nan
49170	12	1.0	0.6470542827430561	nan	1.0	nan
49200	12	1.0	0.6472027642291822	nan	1.0	nan
49230	12	1.0	0.6473373914274578	nan	1.0	nan
49260	12	1.0	0.6474752264501895	nan	1.0	nan
49290	12	1.0	0.6476162890046817	nan	1.0	nan
49320	12	1.0	0.6477555747044128	nan	1.0	nan
49350	12	1.0	0.6478984919200471	nan	1.0	nan
49380	12	1.0	0.6480338109638374	nan	1.0	nan
49410	12	1.0	0.6481727645612572	nan	1.0	nan
49440	12	1.0	0.6483116094398635	nan	1.0	nan
49470	12	1.0	0.648450345001175	nan	1.0	nan
49500	12	1.0	0.6485889698537737	nan	1.0	nan
49530	12	1.0	0.6487265395444393	nan	1.0	nan
49560	12	1.0	0.6488658926812186	nan	1.0	nan
49590	12	1.0	0.6490100024195776	nan	1.0	nan
49620	12	1.0	0.6491423808409941	nan	1.0	nan
49650	12	1.0	0.6492802812462485	nan	1.0	nan
49680	12	1.0	0.6494184318959811	nan	1.0	nan
49710	12	1.0	0.6495546164472554	nan	1.0	nan
49740	12	1.0	0.6496940510801444	nan	1.0	nan
49770	12	1.0	0.6498316983549937	nan	1.0	nan
49800	12	1.0	0.6499695836496213	nan	1.0	nan
49830	12	1.0	0.6501042522663538	nan	1.0	nan
49860	12	1.0	0.6502406612314912	nan	1.0	nan
49890	12	1.0	0.650379517789292	nan	1.0	nan
49920	12	1.0	0.650523764156028	nan	1.0	nan
49950	12	1.0	0.6506569972338846	nan	1.0	nan
49980	12	1.0	0.650792203244322	nan	1.0	nan
50010	12	1.0	0.6509289875348656	nan	1.0	nan
50040	12	1.0	0.6510653842906358	nan	1.0	nan
50070	12	1.0	0.6512022380424721	nan	1.0	nan
50100	12	1.0	0.6513387006482223	nan	1.0	nan
50130	12	1.0	0.6514750594835766	nan	1.0	nan
50160	12	1.0	0.6516113108742888	nan	1.0	nan
50190	12	1.0	0.6517432534383748	nan	1.0	nan
50220	12	1.0	0.6518786593851864	nan	1.0	nan
50250	12	1.0	0.652014117736897	nan	1.0	nan
50280	12	1.0	0.6521552493140643	nan	1.0	nan
50310	12	1.0	0.6522852095580286	nan	1.0	nan
50340	12	1.0	0.6524265822159434	nan	1.0	nan
50370	12	1.0	0.6525565252084152	nan	1.0	nan
50400	12	1.0	0.6526974926341793	nan	1.0	nan
50430	12	1.0	0.6528280673599047	nan	1.0	nan
50460	12	1.0	0.6529662814016033	nan	1.0	nan
50490	12	1.0	0.6530998365454317	nan	1.0	nan
50520	12	1.0	0.6532380488659194	nan	1.0	1.0
50550	12	1.0	0.6533729244741852	nan	1.0	nan
50580	12	1.0	0.6535062112649996	nan	1.0	1.0
50610	12	1.0	0.6536423627565996	nan	1.0	1.0
50640	12	1.0	0.6537769241204	nan	1.0	nan
50670	12	1.0	0.6539147957195957	nan	1.0	1.0
50700	12	1.0	0.6540457340902538	nan	1.0	1.0
50730	12	1.0	0.6541799822035094	nan	1.0	1.0
50760	12	1.0	0.6543141267141078	nan	nan	1.0
50790	12	1.0	0.6544450153603028	nan	nan	1.0
50820	12	1.0	0.6545821026094046	nan	1.0	1.0
50850	12	1.0	0.6547164230847223	nan	1.0	1.0
50880	12	1.0	0.6548496686757264	nan	nan	1.0
50910	12	1.0	0.6549880563756	nan	1.0	1.0
50940	12	1.0	0.6551111361542657	nan	nan	1.0
50970	12	1.0	0.655250231853723	nan	nan	1.0
51000	12	1.0	0.6553835486835908	nan	1.0	1.0
51030	12	1.0	0.6555167612916689	nan	nan	1.0
51060	12	1.0	0.6556498714243256	nan	1.0	1.0
51090	12	1.0	0.6557828760467485	nan	1.0	nan
51120	12	1.0	0.6559157822035439	nan	1.0	1.0
51150	12	1.0	0.6560511301934051	nan	nan	1.0
51180	12	1.0	0.656181282454052	nan	nan	1.0
51210	12	1.0	0.6563101446681524	nan	nan	1.0
51240	12	1.0	0.6564457384548298	nan	nan	1.0
51270	12	1.0	0.6565813855949356	nan	nan	1.0
51300	12	1.0	0.6567110550026042	nan	1.0	nan
51330	12	1.0	0.6568432431587434	nan	nan	1.0
51360	12	1.0	0.6569753331485694	nan	1.0	1.0
51390	12	1.0	0.6571004592446306	nan	nan	1.0
51420	12	1.0	0.6572391998842098	nan	1.0	1.0
51450	12	1.0	0.6573709816727262	nan	1.0	1.0
51480	12	1.0	0.657502663274245	nan	1.0	1.0
51510	12	1.0	0.6576342410113933	nan	nan	1.0
51540	12	1.0	0.6577674415017634	nan	nan	1.0
51570	12	1.0	0.6578926766877836	nan	1.0	1.0
51600	12	1.0	0.6580283757510834	nan	1.0	1.0
51630	12	1.0	0.6581595498953303	nan	1.0	1.0
51660	12	1.0	0.6582877776935623	nan	1.0	1.0
51690	12	1.0	0.6584216011645327	nan	nan	1.0
51720	12	1.0	0.6585485604058146	nan	nan	1.0
51750	12	1.0	0.6586832493312405	nan	nan	1.0
51780	12	1.0	0.6588121962812217	nan	nan	1.0
51810	12	1.0	0.658944497465672	nan	1.0	1.0
51840	12	1.0	0.6590749729967621	nan	1.0	1.0
51870	12	1.0	0.659205347912012	nan	1.0	1.0
51900	12	1.0	0.6593408119209687	nan	1.0	1.0
51930	12	1.0	0.6594657977323632	nan	1.0	1.0
51960	12	1.0	0.6595958745475441	nan	nan	1.0
51990	12	1.0	0.659725852379712	nan	nan	1.0
52020	12	1.0	0.6598557279302051	nan	1.0	1.0
52050	12	1.0	0.6599839722889177	nan	1.0	1.0
52080	12	1.0	0.6601210835835413	nan	1.0	1.0
52110	12	1.0	0.6602447639351562	nan	1.0	1.0
52140	12	1.0	0.6603742449299465	nan	1.0	1.0
52170	12	1.0	0.6605049619216846	nan	1.0	1.0
52200	12	1.0	0.660636761043719	nan	nan	1.0
52230	12	1.0	0.6607620986810094	nan	nan	1.0
52260	12	1.0	0.660887547279971	nan	nan	1.0
52290	12	1.0	0.6610201776377276	nan	nan	1.0
52320	12	1.0	0.6611490676899964	nan	1.0	1.0
52350	12	1.0	0.6612778602329281	nan	1.0	1.0
52380	12	1.0	0.661409964735315	nan	nan	1.0
52410	12	1.0	0.6615319819249239	nan	1.0	1.0
52440	12	1.0	0.6616654004349531	nan	1.0	1.0
52470	12	1.0	0.6617920565684895	nan	1.0	1.0
52500	12	1.0	0.6619203630059044	nan	1.0	1.0
52530	12	1.0	0.662048568662707	nan	1.0	1.0
52560	12	1.0	0.6621776785678621	nan	1.0	1.0
52590	12	1.0	0.6623046936068147	nan	1.0	1.0
52620	12	1.0	0.6624326102514891	nan	nan	1.0
52650	12	1.0	0.6625622021153167	nan	1.0	1.0
52680	12	1.0	0.6626881522090604	nan	nan	1.0
52710	12	1.0	0.6628157794079698	nan	nan	1.0
52740	12	1.0	0.6629433093557706	nan	nan	1.0
52770	12	1.0	0.6630697589533552	nan	nan	1.0
52800	12	1.0	0.6631963277473572	nan	nan	1.0
52830	12	1.0	0.6633308397594436	nan	1.0	1.0
52860	12	1.0	0.6634524645174966	nan	nan	1.0
52890	12	1.0	0.6635795137462175	nan	1.0	1.0
52920	12	1.0	0.6637064666291729	nan	1.0	1.0
52950	12	1.0	0.6638395753840483	nan	1.0	1.0
52980	12	1.0	0.6639642471772685	nan	1.0	1.0
53010	12	1.0	0.6640872067325617	nan	nan	1.0
53040	12	1.0	0.664210213953445	nan	nan	1.0
53070	12	1.0	0.6643350247901273	nan	nan	1.0
53100	12	1.0	0.6644661745757171	nan	1.0	1.0
53130	12	1.0	0.6645924592735637	nan	nan	1.0
53160	12	1.0	0.664720298930585	nan	nan	1.0
53190	12	1.0	0.6648435398344804	nan	1.0	1.0
53220	12	1.0	0.66497074264407	nan	1.0	1.0
53250	12	1.0	0.6650919252251131	nan	1.0	1.0
53280	12	1.0	0.6652224600883527	nan	1.0	1.0
53310	12	1.0	0.6653499422022682	nan	1.0	1.0
53340	12	1.0	0.6654780753661271	nan	1.0	1.0
53370	12	1.0	0.6655993241336549	nan	1.0	1.0
53400	12	1.0	0.6657251664943902	nan	1.0	1.0
53430	12	1.0	0.6658500965895002	nan	1.0	1.0
53460	12	1.0	0.6659724428314845	nan	1.0	1.0
53490	12	1.0	0.6661004924146021	nan	1.0	1.0
53520	12	1.0	0.6662255503784558	nan	1.0	1.0
53550	12	1.0	0.6663454686853716	nan	nan	1.0
53580	12	1.0	0.6664753852144435	nan	nan	1.0
53610	12	1.0	0.6666001620585275	nan	1.0	1.0
53640	12	1.0	0.6667248464783222	nan	nan	1.0
53670	12	1.0	0.6668552950956691	nan	nan	1.0
53700	12	1.0	0.6669739328318433	nan	1.0	1.0
53730	12	1.0	0.667103411115509	nan	nan	1.0
53760	12	1.0	0.6672226478403943	nan	1.0	1.0
53790	12	1.0	0.6673468679895856	nan	1.0	1.0
53820	12	1.0	0.6674709935896861	nan	1.0	1.0
53850	12	1.0	0.6676001966131043	nan	nan	1.0
53880	12	1.0	0.667713211555622	nan	nan	1.0
53910	12	1.0	0.6678428137204089	nan	nan	1.0
53940	12	1.0	0.6679683481884463	nan	nan	1.0
53970	12	1.0	0.6680902343715358	nan	1.0	1.0
54000	12	1.0	0.6682079885968142	nan	1.0	1.0
54030	12	1.0	0.6683372870192676	nan	1.0	1.0
54060	12	1.0	0.6684606736905864	nan	nan	1.0
54090	12	1.0	0.6685839702452789	nan	1.0	1.0
54120	12	1.0	0.6687071745770707	nan	1.0	1.0
54150	12	1.0	0.6688302883674498	nan	nan	1.0
54180	12	1.0	0.6689541301744759	nan	nan	1.0
54210	12	1.0	0.6690762390061933	nan	1.0	1.0
54240	12	1.0	0.6691990799058025	nan	1.0	1.0
54270	12	1.0	0.6693218267090193	nan	1.0	1.0
54300	12	1.0	0.6694376082270416	nan	nan	1.0
54330	12	1.0	0.6695589864062653	nan	1.0	1.0
54360	12	1.0	0.6696895236268501	nan	1.0	1.0
54390	12	1.0	0.6698109521378729	nan	1.0	1.0
54420	12	1.0	0.6699342006574063	nan	1.0	1.0
54450	12	1.0	0.6700564044827877	nan	nan	1.0
54480	12	1.0	0.6701785151543087	nan	1.0	1.0
54510	12	1.0	0.6703005376548608	nan	1.0	1.0
54540	12	1.0	0.6704191962270373	nan	1.0	1.0
54570	12	1.0	0.670544312381107	nan	nan	1.0
54600	12	1.0	0.6706699696154804	nan	nan	1.0
54630	12	1.0	0.6707877248838473	nan	nan	1.0
54660	12	1.0	0.6709092963225254	nan	nan	1.0
54690	12	1.0	0.6710285454052634	nan	nan	1.0
54720	12	1.0	0.6711541336043867	nan	1.0	1.0
54750	12	1.0	0.6712752684409988	nan	1.0	1.0
54780	12	1.0	0.6713946858829059	nan	1.0	nan
54810	12	1.0	0.671515813341515	nan	nan	nan
54840	12	1.0	0.6716390021394789	nan	1.0	1.0
54870	12	1.0	0.6717630267078732	nan	1.0	1.0
54900	12	1.0	0.6718768480843087	nan	nan	nan
54930	12	1.0	0.6719986162456137	nan	nan	1.0
54960	12	1.0	0.6721200946486464	nan	nan	1.0
54990	12	1.0	0.6722343734528701	nan	nan	1.0
55020	12	1.0	0.6723611830595284	nan	nan	1.0
55050	12	1.0	0.6724847029177127	nan	nan	1.0
55080	12	1.0	0.6726019213875856	nan	1.0	1.0
55110	12	1.0	0.6727221586892639	nan	nan	1.0
55140	12	1.0	0.6728423061470928	nan	1.0	nan
55170	12	1.0	0.672955258868672	nan	1.0	nan
55200	12	1.0	0.6730823363934713	nan	1.0	nan
55230	12	1.0	0.6732022193642966	nan	1.0	1.0
55260	12	1.0	0.6733162833948237	nan	1.0	nan
55290	12	1.0	0.6734409261445207	nan	1.0	1.0
55320	12	1.0	0.6735656105996196	nan	1.0	nan
55350	12	1.0	0.6736776924916499	nan	1.0	1.0
55380	12	1.0	0.6738024716787939	nan	1.0	nan
55410	12	1.0	0.6739128176579492	nan	nan	1.0
55440	12	1.0	0.6740389449867094	nan	1.0	nan
55470	12	1.0	0.6741599394892754	nan	1.0	nan
55500	12	1.0	0.6742772228993411	nan	1.0	nan
55530	12	1.0	0.6743962346720217	nan	1.0	nan
55560	12	1.0	0.6745151544572893	nan	nan	1.0
55590	12	1.0	0.674635497559616	nan	1.0	nan
55620	12	1.0	0.6747527379729825	nan	1.0	nan
55650	12	1.0	0.6748713993779358	nan	nan	nan
55680	12	1.0	0.6749899756553948	nan	nan	1.0
55710	12	1.0	0.6751084636539469	nan	nan	nan
55740	12	1.0	0.6752268646335974	nan	nan	nan
55770	12	1.0	0.675345181933511	nan	nan	1.0
55800	12	1.0	0.6754687710925197	nan	1.0	1.0
55830	12	1.0	0.6755796663219189	nan	nan	nan
55860	12	1.0	0.6757051492312629	nan	nan	nan
55890	12	1.0	0.6758161208586663	nan	1.0	nan
55920	12	1.0	0.6759354706483712	nan	nan	1.0
55950	12	1.0	0.6760532712703736	nan	1.0	nan
55980	12	1.0	0.6761638313773122	nan	nan	1.0
56010	12	1.0	0.6762886125836418	nan	nan	1.0
56040	12	1.0	0.676400694379089	nan	1.0	nan
56070	12	1.0	0.6765264806375004	nan	nan	1.0
56100	12	1.0	0.6766409893038471	nan	nan	nan
56130	12	1.0	0.6767582782819391	nan	1.0	nan
56160	12	1.0	0.6768754796851186	nan	nan	nan
56190	12	1.0	0.6769851533764761	nan	1.0	nan
56220	12	1.0	0.6771096316028766	nan	nan	nan
56250	12	1.0	0.6772247509982202	nan	1.0	nan
56280	12	1.0	0.6773434420304626	nan	1.0	nan
56310	12	1.0	0.6774576692996821	nan	nan	1.0
56340	12	1.0	0.6775769173768664	nan	nan	nan
56370	12	1.0	0.6776935270119409	nan	nan	nan
56400	12	1.0	0.6778100514459352	nan	nan	1.0
56430	12	1.0	0.6779264942556098	nan	nan	nan
56460	12	1.0	0.6780432519426098	nan	nan	nan
56490	12	1.0	0.6781549950939165	nan	1.0	nan
56520	12	1.0	0.6782771468443869	nan	nan	nan
56550	12	1.0	0.6783914202400346	nan	nan	nan
56580	12	1.0	0.6785074424939749	nan	nan	nan
56610	12	1.0	0.6786280153454527	nan	1.0	nan
56640	12	1.0	0.678739233541484	nan	1.0	nan
56670	12	1.0	0.6788519248847288	nan	1.0	nan
56700	12	1.0	0.6789767881585316	nan	nan	nan
56730	12	1.0	0.6790862977106111	nan	1.0	1.0
56760	12	1.0	0.6792018188475044	nan	nan	nan
56790	12	1.0	0.679313051945893	nan	nan	nan
56820	12	1.0	0.6794326105333898	nan	1.0	nan
56850	12	1.0	0.6795478835559169	nan	nan	nan
56880	12	1.0	0.6796630720974778	nan	nan	1.0
56910	12	1.0	0.6797711214661313	nan	1.0	nan
56940	12	1.0	0.6798932013859162	nan	1.0	nan
56970	12	1.0	0.6800081420799141	nan	nan	nan
57000	12	1.0	0.6801192231379889	nan	1.0	nan
57030	12	1.0	0.6802316537946929	nan	nan	1.0
57060	12	1.0	0.6803524709992168	nan	1.0	1.0
57090	12	1.0	0.6804670810670496	nan	nan	nan
57120	12	1.0	0.6805816122573851	nan	nan	nan
57150	12	1.0	0.6806928088590901	nan	nan	1.0
57180	12	1.0	0.6808035804661472	nan	1.0	nan
57210	12	1.0	0.680924709038777	nan	1.0	nan
57240	12	1.0	0.6810418574710242	nan	1.0	nan
57270	12	1.0	0.6811527430378053	nan	1.0	nan
57300	12	1.0	0.6812636645246956	nan	nan	1.0
57330	12	1.0	0.6813764712697277	nan	nan	nan
57360	12	1.0	0.6814948991996882	nan	1.0	nan
57390	12	1.0	0.6816086939816242	nan	1.0	nan
57420	12	1.0	0.6817224065968663	nan	1.0	nan
57450	12	1.0	0.681836039552695	nan	1.0	1.0
57480	12	1.0	0.6819495877056444	nan	nan	nan
57510	12	1.0	0.6820630573895726	nan	1.0	1.0
57540	12	1.0	0.682172720687921	nan	1.0	nan
57570	12	1.0	0.6822858277175899	nan	1.0	nan
57600	12	1.0	0.6824048359798005	nan	1.0	nan
57630	12	1.0	0.6825161242028225	nan	1.0	nan
57660	12	1.0	0.6826291879064346	nan	1.0	nan
57690	12	1.0	0.6827421777259145	nan	1.0	nan
57720	12	1.0	0.6828550787349674	1.0	nan	nan
57750	12	1.0	0.6829679037813713	1.0	nan	nan
57780	12	1.0	0.6830806470506176	1.0	nan	nan
57810	12	1.0	0.6831920407031334	1.0	1.0	nan
57840	12	1.0	0.6833058941974232	nan	nan	1.0
57870	12	1.0	0.6834183996030504	1.0	1.0	nan
57900	12	1.0	0.6835269061788312	1.0	nan	nan
57930	12	1.0	0.6836386011559092	1.0	1.0	nan
57960	12	1.0	0.6837554315206675	1.0	1.0	nan
57990	12	1.0	0.6838639637645639	nan	nan	nan
58020	12	1.0	0.6839757673002088	nan	1.0	nan
58050	12	1.0	0.6840876071720645	1.0	1.0	1.0
58080	12	1.0	0.6841994882949206	1.0	1.0	nan
58110	12	1.0	0.6843114015021876	1.0	nan	1.0
58140	12	1.0	0.6844233563357072	1.0	1.0	nan
58170	12	1.0	0.6845390543966735	1.0	1.0	nan
58200	12	1.0	0.6846473662507613	1.0	nan	1.0
58230	12	1.0	0.6847622358233543	nan	nan	1.0
58260	12	1.0	0.6848737046549647	1.0	nan	nan
58290	12	1.0	0.6849850981555625	1.0	nan	nan
58320	12	1.0	0.685096413227937	nan	nan	nan
58350	12	1.0	0.6852076480819161	1.0	1.0	nan
58380	12	1.0	0.6853184148946768	1.0	1.0	nan
58410	12	1.0	0.6854298827272306	1.0	nan	nan
58440	12	1.0	0.685543013485787	nan	nan	nan
58470	12	1.0	0.6856518062316138	1.0	1.0	1.0
58500	12	1.0	0.685762647405561	1.0	1.0	nan
58530	12	1.0	0.685873413040804	1.0	1.0	1.0
58560	12	1.0	0.6859841016657559	1.0	nan	nan
58590	12	1.0	0.6860947104007225	1.0	1.0	nan
58620	12	1.0	0.686203366487573	1.0	nan	nan
58650	12	1.0	0.6863156953311597	1.0	nan	nan
58680	12	1.0	0.6864260714839981	1.0	nan	1.0
58710	12	1.0	0.6865363691382901	nan	nan	nan
58740	12	1.0	0.6866465874649318	1.0	nan	nan
58770	12	1.0	0.6867567318473039	1.0	nan	nan
58800	12	1.0	0.6868667975348365	1.0	nan	nan
58830	12	1.0	0.6869767868759077	1.0	nan	nan
58860	12	1.0	0.6870866976564813	1.0	1.0	nan
58890	12	1.0	0.6871945870515275	1.0	1.0	nan
58920	12	1.0	0.6873062900316397	nan	nan	nan
58950	12	1.0	0.6874159696932786	1.0	nan	nan
58980	12	1.0	0.6875315061714399	1.0	nan	nan
59010	12	1.0	0.6876350975891576	1.0	1.0	nan
59040	12	1.0	0.6877405982572744	1.0	1.0	nan
59070	12	1.0	0.6878539198225895	1.0	1.0	nan
59100	12	1.0	0.687963217152476	1.0	nan	nan
59130	12	1.0	0.6880724361468374	1.0	1.0	nan
59160	12	1.0	0.6881815787097224	1.0	1.0	nan
59190	12	1.0	0.6882906438671186	1.0	1.0	nan
59220	12	1.0	0.6883996386464538	1.0	1.0	nan
59250	12	1.0	0.6885104385725924	nan	1.0	nan
59280	12	1.0	0.6886173889201698	nan	1.0	nan
59310	12	1.0	0.688726152124496	1.0	nan	nan
59340	12	1.0	0.6888348377346062	1.0	1.0	nan
59370	12	1.0	0.6889434468624125	1.0	nan	nan
59400	12	1.0	0.689051982108701	nan	nan	1.0
59430	12	1.0	0.6891567346989584	1.0	1.0	nan
59460	12	1.0	0.6892688252572673	1.0	nan	nan
59490	12	1.0	0.6893771331610421	1.0	1.0	nan
59520	12	1.0	0.6894853652392243	1.0	1.0	nan
59550	12	1.0	0.6895935201347321	nan	1.0	nan
59580	12	1.0	0.6897016011034551	1.0	1.0	1.0
59610	12	1.0	0.689809609953787	1.0	nan	nan
59640	12	1.0	0.6899143924558357	nan	nan	nan
59670	12	1.0	0.6900281860653968	1.0	1.0	nan
59700	12	1.0	0.6901331785446562	1.0	nan	nan
59730	12	1.0	0.6902408836307448	nan	nan	nan
59760	12	1.0	0.6903507995226561	nan	1.0	nan
59790	12	1.0	0.6904628350500857	nan	1.0	nan
59820	12	1.0	0.6905635527030771	nan	1.0	nan
59850	12	1.0	0.6906737179517553	1.0	nan	nan
59880	12	1.0	0.6907858611446575	1.0	1.0	1.0
59910	12	1.0	0.6908855509815083	1.0	1.0	nan
59940	12	1.0	0.6909927341817249	1.0	nan	nan
59970	12	1.0	0.6910939616241363	1.0	nan	nan
60000	12	1.0	0.6912068787713311	1.0	nan	1.0
60030	12	1.0	0.6913138401012581	1.0	1.0	nan
60060	12	1.0	0.6914207266509232	1.0	1.0	nan
60090	12	1.0	0.6915275404353236	1.0	nan	1.0
60120	12	1.0	0.6916271342931398	1.0	1.0	nan
60150	12	1.0	0.6917395859910095	1.0	1.0	nan
60180	12	1.0	0.6918520746313922	1.0	1.0	nan
60210	12	1.0	0.6919540541183692	nan	1.0	nan
60240	12	1.0	0.6920604974434322	1.0	nan	nan
60270	12	1.0	0.6921668686875604	1.0	1.0	nan
60300	12	1.0	0.6922737580852116	1.0	1.0	1.0
60330	12	1.0	0.6923864178972277	1.0	1.0	nan
60360	12	1.0	0.6924855386107457	1.0	1.0	nan
60390	12	1.0	0.6925946566796413	1.0	1.0	nan
60420	12	1.0	0.6926940380814735	1.0	nan	nan
60450	12	1.0	0.6928068387320917	1.0	nan	nan
60480	12	1.0	0.6929094112463389	1.0	nan	nan
60510	12	1.0	0.6930151983583572	nan	nan	nan
60540	12	1.0	0.693116750469338	1.0	nan	nan
60570	12	1.0	0.6932296860055621	nan	nan	nan
60600	12	1.0	0.6933321131875699	nan	nan	nan
60630	12	1.0	0.6934403419925249	1.0	nan	nan
60660	12	1.0	0.6935411122704905	1.0	nan	nan
60690	12	1.0	0.6936483772754336	1.0	nan	nan
60720	12	1.0	0.6937489007452521	1.0	nan	nan
60750	12	1.0	0.6938588605146943	1.0	1.0	nan
60780	12	1.0	0.6939598759464267	1.0	1.0	nan
60810	12	1.0	0.6940690522297382	1.0	1.0	nan
60840	12	1.0	0.6941789494068129	1.0	1.0	nan
60870	12	1.0	0.6942823400532181	1.0	1.0	nan
60900	12	1.0	0.6943837972784785	1.0	1.0	nan
60930	12	1.0	0.6944885710314763	nan	1.0	nan
60960	12	1.0	0.6945916505847436	1.0	1.0	nan
60990	12	1.0	0.6946979000353101	nan	1.0	nan
61020	12	1.0	0.6948031375465582	1.0	1.0	nan
61050	12	1.0	0.6949012316771817	1.0	1.0	nan
61080	12	1.0	0.6950113543936881	1.0	1.0	nan
61110	12	1.0	0.6951156953224696	1.0	1.0	nan
61140	12	1.0	0.6952218933224065	1.0	1.0	nan
61170	12	1.0	0.695322785595871	nan	1.0	nan
61200	12	1.0	0.69542103003843	1.0	1.0	nan
61230	12	1.0	0.6955323526172935	1.0	1.0	nan
61260	12	1.0	0.6956330219584682	1.0	1.0	nan
61290	12	1.0	0.6957402560693967	1.0	1.0	nan
61320	12	1.0	0.6958432179286501	1.0	1.0	nan
61350	12	1.0	0.6959478720375384	nan	1.0	nan
61380	12	1.0	0.696051574705037	1.0	1.0	nan
61410	12	1.0	0.6961519845213345	1.0	1.0	nan
61440	12	1.0	0.6962587659125893	1.0	1.0	nan
61470	12	1.0	0.6963622564324404	1.0	1.0	nan
61500	12	1.0	0.6964656778901784	1.0	1.0	nan
61530	12	1.0	0.6965690267336535	1.0	1.0	nan
61560	12	1.0	0.6966736564285305	nan	1.0	nan
61590	12	1.0	0.6967755151624645	1.0	1.0	nan
61620	12	1.0	0.6968786534749755	1.0	1.0	nan
61650	12	1.0	0.6969817232734764	1.0	1.0	nan
61680	12	1.0	0.6970799459443169	nan	1.0	nan
61710	12	1.0	0.6971876492980931	1.0	1.0	nan
61740	12	1.0	0.6972905092426726	1.0	1.0	nan
61770	12	1.0	0.6973932965721786	1.0	1.0	nan
61800	12	1.0	0.6974960166285189	1.0	1.0	nan
61830	12	1.0	0.6975986647548678	1.0	1.0	nan
61860	12	1.0	0.6976999597921311	1.0	1.0	nan
61890	12	1.0	0.6978037549233732	nan	1.0	nan
61920	12	1.0	0.6979061952766084	1.0	1.0	nan
61950	12	1.0	0.6980085657358062	1.0	1.0	nan
61980	12	1.0	0.698110866928485	nan	1.0	nan
62010	12	1.0	0.6982092136112852	1.0	1.0	nan
62040	12	1.0	0.6983152635508382	1.0	1.0	nan
62070	12	1.0	0.6984173586938526	nan	1.0	nan
62100	12	1.0	0.6985154047949308	nan	1.0	nan
62130	12	1.0	0.698619395971639	nan	1.0	nan
62160	12	1.0	0.6987273409558178	1.0	1.0	nan
62190	12	1.0	0.6988246053471684	1.0	1.0	nan
62220	12	1.0	0.6989267940257367	1.0	1.0	nan
62250	12	1.0	0.699026526878006	1.0	1.0	nan
62280	12	1.0	0.6991241493410872	1.0	1.0	nan
62310	12	1.0	0.6992316302555533	1.0	1.0	nan
62340	12	1.0	0.699333103850215	nan	1.0	nan
62370	12	1.0	0.6994345126326372	1.0	1.0	nan
62400	12	1.0	0.6995358516446564	nan	1.0	nan
62430	12	1.0	0.6996371194220167	nan	1.0	nan
62460	12	1.0	0.6997383209106534	1.0	1.0	nan
62490	12	1.0	0.6998396931932453	nan	1.0	nan
62520	12	1.0	0.6999405202850417	nan	1.0	nan
62550	12	1.0	0.7000368188129479	1.0	1.0	nan
62580	12	1.0	0.7001424460998449	1.0	1.0	nan
62610	12	1.0	0.70024773093216	1.0	1.0	nan
62640	12	1.0	0.7003473694005168	1.0	1.0	nan
62670	12	1.0	0.7004448276981813	1.0	1.0	nan
62700	12	1.0	0.7005454851914821	nan	1.0	nan
62730	12	1.0	0.7006460749592607	1.0	1.0	nan
62760	12	1.0	0.7007403485077346	1.0	1.0	nan
62790	12	1.0	0.7008538232321397	1.0	1.0	nan
62820	12	1.0	0.7009516806592581	1.0	1.0	nan
62850	12	1.0	0.7010515224952935	1.0	1.0	nan
62880	12	1.0	0.7011480173810641	1.0	1.0	nan
62910	12	1.0	0.7012473707088739	1.0	1.0	nan
62940	12	1.0	0.7013483233084498	1.0	1.0	nan
62970	12	1.0	0.7014483722959052	1.0	1.0	nan
63000	12	1.0	0.7015483600251892	nan	1.0	nan
63030	12	1.0	0.7016413587045263	1.0	1.0	nan
63060	12	1.0	0.7017481291617951	1.0	1.0	nan
63090	12	1.0	0.7018532364769625	1.0	1.0	nan
63120	12	1.0	0.7019476301971597	1.0	1.0	nan
63150	12	1.0	0.7020514962087081	nan	1.0	nan
63180	12	1.0	0.7021496887940203	1.0	1.0	nan
63210	12	1.0	0.7022463813380415	1.0	1.0	nan
63240	12	1.0	0.7023461502693538	1.0	1.0	nan
63270	12	1.0	0.7024452186955606	nan	1.0	nan
63300	12	1.0	0.7025427225163033	1.0	1.0	nan
63330	12	1.0	0.7026437895896002	1.0	1.0	nan
63360	12	1.0	0.7027429736188031	nan	1.0	nan
63390	12	1.0	0.7028377927369954	1.0	1.0	nan
63420	12	1.0	0.7029391783348182	1.0	1.0	nan
63450	12	1.0	0.7030401354869235	1.0	1.0	nan
63480	12	1.0	0.7031390562651589	1.0	1.0	nan
63510	12	1.0	0.703237913411976	1.0	1.0	nan
63540	12	1.0	0.7033367043057447	1.0	1.0	nan
63570	12	1.0	0.7034306357649084	1.0	1.0	nan
63600	12	1.0	0.7035340873684345	1.0	1.0	nan
63630	12	1.0	0.7036307059530625	1.0	1.0	nan
63660	12	1.0	0.7037312086004843	1.0	1.0	nan
63690	12	1.0	0.7038296685573703	1.0	1.0	nan
63720	12	1.0	0.7039280672181993	nan	1.0	nan
63750	12	1.0	0.70402251239304	1.0	1.0	nan
63780	12	1.0	0.7041226887318333	1.0	1.0	nan
63810	12	1.0	0.7042228652584839	1.0	1.0	nan
63840	12	1.0	0.7043210004679649	nan	1.0	nan
63870	12	1.0	0.7044190683231556	1.0	1.0	nan
63900	12	1.0	0.7045170757185402	1.0	1.0	nan
63930	12	1.0	0.7046134076029263	1.0	1.0	nan
63960	12	1.0	0.7047123162496447	1.0	1.0	nan
63990	12	1.0	0.7048112500243009	1.0	1.0	nan
64020	12	1.0	0.7049084473600591	1.0	1.0	nan
64050	12	1.0	0.7050061311520104	1.0	1.0	nan
64080	12	1.0	0.7051037432064878	1.0	1.0	1.0
64110	12	1.0	0.7052032801517507	nan	1.0	1.0
64140	12	1.0	0.7052987852084606	1.0	1.0	nan
64170	12	1.0	0.705396206165755	1.0	1.0	nan
64200	12	1.0	0.7054867391396762	1.0	1.0	nan
64230	12	1.0	0.7055908594044948	1.0	1.0	nan
64260	12	1.0	0.7056861071618704	1.0	1.0	nan
64290	12	1.0	0.7057852561176459	nan	1.0	nan
64320	12	1.0	0.7058823572412775	1.0	1.0	nan
64350	12	1.0	0.7059807962275026	1.0	1.0	nan
