cut_off	num_rel	true_recall	SWIFT	SWIFT+forget0.1	SWIFT+forget0.2	SWIFT+forget0.5
30	4	0.23529411764705882	0.0015968488848902584	0.0015754233950374162	0.0016051364365971107	0.001702127659574468
60	9	0.5294117647058824	0.0015355250109376135	0.0015072852118573103	0.0015113350125944584	0.0015233581584292485
90	11	0.6470588235294118	0.004917666343868963	0.004793028322440087	0.0048330404217926184	0.0049460431654676255
120	12	0.7058823529411765	0.008161270097869327	0.007973421926910298	0.008119079837618403	0.008522727272727272
150	12	0.7058823529411765	0.011960175066780676	0.011928429423459244	0.012526096033402923	0.014563106796116505
180	13	0.7647058823529411	0.017031707292169282	0.016645326504481434	0.017218543046357615	0.018867924528301886
210	15	0.8823529411764706	0.019321121259475625	0.018072289156626505	0.017857142857142856	0.017064846416382253
240	15	0.8823529411764706	0.02399621112606049	0.022970903522205207	0.023474178403755867	0.02508361204013378
270	15	0.8823529411764706	0.02864187169075414	0.028089887640449437	0.029644268774703556	0.03546099290780142
300	16	0.9411764705882353	0.030866332290451125	0.02952029520295203	0.03018867924528302	0.03162055335968379
330	16	0.9411764705882353	0.035775109971897125	0.03508771929824561	0.037037037037037035	0.043596730245231606
360	16	0.9411764705882353	0.04065015636664236	0.04081632653061224	0.0446927374301676	0.05904059040590406
390	16	0.9411764705882353	0.04549180966670652	0.0469208211143695	0.052980132450331126	0.07881773399014778
420	17	1.0	0.04450261780564331	0.04450261780104712	0.047752808988764044	0.05501618122977346
450	17	1.0	0.0495380978834677	0.050746268656716415	0.056291390728476824	0.07327586206896551
480	17	1.0	0.054520787406925744	0.05723905723905724	0.06563706563706563	0.096045197740113
510	17	1.0	0.05945150010024079	0.06415094339622641	0.07589285714285714	0.125
540	17	1.0	0.06433106179013026	0.07112970711297072	0.08717948717948718	0.1588785046728972
570	17	1.0	0.06916024867767158	0.07834101382488479	0.09941520467836257	0.2
600	17	1.0	0.07393983328568894	0.08585858585858586	0.1118421052631579	0.2463768115942029
630	17	1.0	0.07867058403118417	0.09392265193370165	0.1259259259259259	0.30357142857142855
660	17	1.0	0.08335325362227587	0.10179640718562874	0.14166666666666666	0.3617021276595745
690	17	1.0	0.08798857276464513	0.11038961038961038	0.1574074074074074	0.425
720	17	1.0	0.09257724637963108	0.11888111888111888	0.17525773195876287	0.4857142857142857
750	17	1.0	0.09711997175182155	0.12781954887218044	0.19318181818181818	0.5483870967741935
780	17	1.0	0.10161744024915077	0.13709677419354838	0.2125	0.6071428571428571
810	17	1.0	0.10607032480024967	0.14655172413793102	0.2328767123287671	0.6538461538461539
840	17	1.0	0.11047928516252871	0.1559633027522936	0.2537313432835821	0.7083333333333334
870	17	1.0	0.11484499170331786	0.1650485436893204	0.27419354838709675	0.7391304347826086
900	17	1.0	0.11916800738792195	0.17525773195876287	0.2982456140350877	0.7727272727272727
930	17	1.0	0.12344902510151333	0.18681318681318682	0.32075471698113206	0.8095238095238095
960	17	1.0	0.12768863097053565	0.19767441860465115	0.3469387755102041	0.85
990	17	1.0	0.13188742288470312	0.2073170731707317	0.3695652173913043	0.8947368421052632
1020	17	1.0	0.13604602078753594	0.21794871794871795	0.3953488372093023	0.8947368421052632
1050	17	1.0	0.14016489992825026	0.22972972972972974	0.425	0.8947368421052632
1080	17	1.0	0.14424472484505518	0.24285714285714285	0.4473684210526316	0.9444444444444444
1110	17	1.0	0.14828598437253127	0.2537313432835821	0.4722222222222222	0.9444444444444444
1140	17	1.0	0.1522893006192602	0.265625	0.5	0.9444444444444444
1170	17	1.0	0.15625518729339483	0.2786885245901639	0.53125	0.9444444444444444
1200	17	1.0	0.16018410765787444	0.29310344827586204	0.5483870967741935	0.9444444444444444
1230	17	1.0	0.16407655821787717	0.30357142857142855	0.5666666666666667	0.9444444444444444
1260	17	1.0	0.16793313949954325	0.3148148148148148	0.5862068965517241	0.9444444444444444
1290	17	1.0	0.17175428170078233	0.3269230769230769	0.6296296296296297	1.0
1320	17	1.0	0.17554055080872266	0.34	0.6296296296296297	1.0
1350	17	1.0	0.17929222321795368	0.3541666666666667	0.6538461538461539	1.0
1380	17	1.0	0.18301001918564314	0.3695652173913043	0.68	1.0
1410	17	1.0	0.18669425869251471	0.37777777777777777	0.7083333333333334	1.0
1440	17	1.0	0.19034538320271008	0.3953488372093023	0.7083333333333334	1.0
1470	17	1.0	0.1939639308060966	0.40476190476190477	0.7391304347826086	1.0
1500	17	1.0	0.19755025003638862	0.425	0.7391304347826086	1.0
1530	17	1.0	0.20110479971999398	0.4358974358974359	0.7727272727272727	1.0
1560	17	1.0	0.20462799636176715	0.4473684210526316	0.7727272727272727	1.0
1590	17	1.0	0.2081202542469628	0.4594594594594595	0.8095238095238095	1.0
1620	17	1.0	0.21158197912105162	0.4722222222222222	0.8095238095238095	1.0
1650	17	1.0	0.2150135696708888	0.4857142857142857	0.8095238095238095	1.0
1680	17	1.0	0.21841549069056523	0.5	0.85	1.0
1710	17	1.0	0.22178790801570664	0.5151515151515151	0.85	1.0
1740	17	1.0	0.22513141944669848	0.53125	0.85	1.0
1770	17	1.0	0.2284463235400288	0.53125	0.85	1.0
1800	17	1.0	0.23173298599205586	0.5483870967741935	0.8947368421052632	1.0
1830	17	1.0	0.23499166752268696	0.5666666666666667	0.8947368421052632	1.0
1860	17	1.0	0.23822301742583074	0.5666666666666667	0.8947368421052632	1.0
1890	17	1.0	0.24142708707895016	0.5862068965517241	0.8947368421052632	1.0
1920	17	1.0	0.24460431668735727	0.6071428571428571	0.8947368421052632	1.0
1950	17	1.0	0.24775504195498896	0.6071428571428571	0.8947368421052632	1.0
1980	17	1.0	0.25087959343233474	0.6296296296296297	0.8947368421052632	1.0
2010	17	1.0	0.2539783361904139	0.6296296296296297	0.9444444444444444	1.0
2040	17	1.0	0.25705146860480615	0.6538461538461539	0.9444444444444444	1.0
2070	17	1.0	0.26009950406610644	0.6538461538461539	0.9444444444444444	1.0
2100	17	1.0	0.26312240269632575	0.6538461538461539	0.9444444444444444	1.0
2130	17	1.0	0.2661209250549338	0.68	0.9444444444444444	1.0
2160	17	1.0	0.2690950042831642	0.68	0.9444444444444444	1.0
2190	17	1.0	0.2720452016864342	0.7083333333333334	0.9444444444444444	1.0
2220	17	1.0	0.27497162333280234	0.7083333333333334	0.9444444444444444	1.0
2250	17	1.0	0.2778745038486576	0.7083333333333334	0.9444444444444444	1.0
2280	17	1.0	0.28075431017147895	0.7391304347826086	0.9444444444444444	1.0
2310	17	1.0	0.2836113838993657	0.7391304347826086	0.9444444444444444	nan
2340	17	1.0	0.2864457272435143	0.7391304347826086	0.9444444444444444	nan
2370	17	1.0	0.2892577311972953	0.7391304347826086	0.9444444444444444	1.0
2400	17	1.0	0.29204765883073125	0.7727272727272727	0.9444444444444444	1.0
2430	17	1.0	0.2948156489847955	0.7727272727272727	0.9444444444444444	nan
2460	17	1.0	0.2975623805727368	0.7727272727272727	0.9444444444444444	nan
2490	17	1.0	0.30028755327125073	0.7727272727272727	1.0	nan
2520	17	1.0	0.3029917252315275	0.7727272727272727	1.0	nan
2550	17	1.0	0.30567507586393744	0.8095238095238095	1.0	1.0
2580	17	1.0	0.3083378451543163	0.8095238095238095	1.0	1.0
2610	17	1.0	0.3109802690038311	0.8095238095238095	1.0	nan
2640	17	1.0	0.31360257925797286	0.8095238095238095	1.0	1.0
2670	17	1.0	0.3162050049148875	0.8095238095238095	1.0	1.0
2700	17	1.0	0.3187877710629773	0.8095238095238095	1.0	nan
2730	17	1.0	0.3213511000931871	0.85	1.0	nan
2760	17	1.0	0.3238953403758715	0.85	1.0	nan
2790	17	1.0	0.3264203174865048	0.85	1.0	1.0
2820	17	1.0	0.3289266330647873	0.85	1.0	nan
2850	17	1.0	0.33141436608662234	0.85	1.0	1.0
2880	17	1.0	0.33388372320772786	0.85	1.0	1.0
2910	17	1.0	0.3363351015018464	0.85	1.0	1.0
2940	17	1.0	0.3387681162054587	0.85	1.0	nan
2970	17	1.0	0.3411835491984615	0.8947368421052632	1.0	1.0
3000	17	1.0	0.34358123632747833	0.8947368421052632	1.0	nan
3030	17	1.0	0.3459618587193287	0.8947368421052632	1.0	nan
3060	17	1.0	0.3483251281039022	0.8947368421052632	1.0	1.0
3090	17	1.0	0.35067142361664566	0.8947368421052632	1.0	nan
3120	17	1.0	0.35300075997822405	0.8947368421052632	1.0	1.0
3150	17	1.0	0.35531351221448737	0.8947368421052632	1.0	1.0
3180	17	1.0	0.3576097891019938	0.8947368421052632	1.0	1.0
3210	17	1.0	0.3598899792008731	0.8947368421052632	1.0	1.0
3240	17	1.0	0.36215344073343314	0.8947368421052632	1.0	nan
3270	17	1.0	0.36440150949114003	0.8947368421052632	1.0	1.0
3300	17	1.0	0.3666336145912731	0.8947368421052632	1.0	1.0
3330	17	1.0	0.36885009248054385	0.8947368421052632	1.0	nan
3360	17	1.0	0.3710508996015916	0.8947368421052632	1.0	nan
3390	17	1.0	0.37323684533275836	0.9444444444444444	1.0	nan
3420	17	1.0	0.3754074318757131	0.9444444444444444	1.0	nan
3450	17	1.0	0.37756303577720535	0.9444444444444444	1.0	1.0
3480	17	1.0	0.3797038119380447	0.9444444444444444	1.0	nan
3510	17	1.0	0.3818299124967599	0.9444444444444444	1.0	1.0
3540	17	1.0	0.3839414885065978	0.9444444444444444	1.0	nan
3570	17	1.0	0.3860386883240354	0.9444444444444444	1.0	nan
3600	17	1.0	0.38812165757821193	0.9444444444444444	1.0	nan
3630	17	1.0	0.3901905429850911	0.9444444444444444	1.0	nan
3660	17	1.0	0.39224548085675964	0.9444444444444444	1.0	nan
3690	17	1.0	0.3942866177692468	0.9444444444444444	1.0	nan
3720	17	1.0	0.39631433047779496	0.9444444444444444	1.0	nan
3750	17	1.0	0.39832773088824885	0.9444444444444444	1.0	nan
3780	17	1.0	0.40032884125780316	0.9444444444444444	1.0	nan
3810	17	1.0	0.4023158801398873	0.9444444444444444	1.0	nan
3840	17	1.0	0.40429004468631236	0.9444444444444444	1.0	nan
3870	17	1.0	0.4062512107335627	0.9444444444444444	1.0	nan
3900	17	1.0	0.4081996497928273	0.9444444444444444	1.0	nan
3930	17	1.0	0.4101350575299378	0.9444444444444444	1.0	nan
3960	17	1.0	0.4120577861363491	0.9444444444444444	1.0	nan
3990	17	1.0	0.4139684242614225	0.9444444444444444	1.0	nan
4020	17	1.0	0.4158661143548707	0.9444444444444444	1.0	nan
4050	17	1.0	0.41775212114899557	0.9444444444444444	1.0	nan
4080	17	1.0	0.419626204846929	0.9444444444444444	1.0	nan
4110	17	1.0	0.4214878153738331	0.9444444444444444	1.0	nan
4140	17	1.0	0.4233371205747501	0.9444444444444444	1.0	nan
4170	17	1.0	0.42517503024688924	0.9444444444444444	1.0	nan
4200	17	1.0	0.42700157028699387	0.9444444444444444	1.0	nan
4230	17	1.0	0.4288162752522381	0.9444444444444444	1.0	nan
4260	17	1.0	0.4306195216164335	0.9444444444444444	1.0	nan
4290	17	1.0	0.43241141884545414	0.9444444444444444	1.0	nan
4320	17	1.0	0.4341920724861908	0.9444444444444444	1.0	nan
4350	17	1.0	0.43596195523628584	1.0	1.0	nan
4380	17	1.0	0.4377200708707345	1.0	1.0	nan
4410	17	1.0	0.43946762221671193	1.0	1.0	nan
4440	17	1.0	0.441204345424738	1.0	1.0	nan
4470	17	1.0	0.44293044999627285	1.0	1.0	nan
4500	17	1.0	0.4446457039742247	1.0	1.0	nan
4530	17	1.0	0.44635053678304476	1.0	1.0	nan
4560	17	1.0	0.4480449345826047	1.0	1.0	nan
4590	17	1.0	0.44972899290812957	1.0	1.0	nan
4620	17	1.0	0.45140280881249645	1.0	1.0	nan
4650	17	1.0	0.4530668409901252	1.0	1.0	nan
4680	17	1.0	0.45472006878526294	1.0	1.0	nan
4710	17	1.0	0.4563637013282365	1.0	1.0	nan
4740	17	1.0	0.4579974548928431	1.0	1.0	nan
4770	17	1.0	0.45962141774434073	1.0	1.0	nan
4800	17	1.0	0.4612356218126004	1.0	1.0	nan
4830	17	1.0	0.4628403242791492	1.0	1.0	nan
4860	17	1.0	0.4644354393095398	1.0	1.0	nan
4890	17	1.0	0.46602124145462	1.0	1.0	nan
4920	17	1.0	0.4675974166521925	1.0	1.0	nan
4950	17	1.0	0.4691642579729642	1.0	nan	nan
4980	17	1.0	0.47072223762734616	1.0	1.0	nan
5010	17	1.0	0.47227082215912647	1.0	nan	nan
5040	17	1.0	0.4738106714757398	1.0	nan	nan
5070	17	1.0	0.47534136259777915	1.0	1.0	nan
5100	17	1.0	0.47686278016853323	1.0	1.0	nan
5130	17	1.0	0.4783764358514363	1.0	nan	nan
5160	17	1.0	0.47988057325596456	1.0	nan	nan
5190	17	1.0	0.4813757753841972	1.0	nan	nan
5220	17	1.0	0.48286331495767437	1.0	1.0	nan
5250	17	1.0	0.4843420284876529	1.0	1.0	nan
5280	17	1.0	0.48581203517999544	1.0	1.0	nan
5310	17	1.0	0.4872738224347915	1.0	1.0	nan
5340	17	1.0	0.48872732181257383	1.0	1.0	nan
5370	17	1.0	0.4901726035986784	1.0	1.0	nan
5400	17	1.0	0.49161008044317916	1.0	nan	nan
5430	17	1.0	0.49303879096467546	1.0	nan	nan
5460	17	1.0	0.494459834371362	1.0	nan	nan
5490	17	1.0	0.4958729329276583	1.0	nan	nan
5520	17	1.0	0.49727815365819666	1.0	nan	nan
5550	17	1.0	0.49867556224118115	1.0	1.0	nan
5580	17	1.0	0.5000654608558068	1.0	nan	nan
5610	17	1.0	0.5014472021438682	1.0	1.0	nan
5640	17	1.0	0.5028214950446277	1.0	nan	nan
5670	17	1.0	0.5041883637327182	1.0	1.0	nan
5700	17	1.0	0.5055472815920808	1.0	nan	nan
5730	17	1.0	0.5068995470652408	1.0	1.0	nan
5760	17	1.0	0.5082440495282002	1.0	nan	nan
5790	17	1.0	0.5095808426310319	1.0	1.0	nan
5820	17	1.0	0.5109111798101365	1.0	1.0	nan
5850	17	1.0	0.5122339247236621	1.0	nan	nan
5880	17	1.0	0.5135495341803633	1.0	1.0	nan
5910	17	1.0	0.5148580657480435	1.0	1.0	1.0
5940	17	1.0	0.5161600532461491	1.0	1.0	nan
5970	17	1.0	0.5174541225734164	1.0	1.0	nan
6000	17	1.0	0.5187417599243873	1.0	1.0	nan
6030	17	1.0	0.5200225436136835	1.0	nan	nan
6060	17	1.0	0.5212965282732868	1.0	1.0	nan
6090	17	1.0	0.522563290668593	1.0	nan	nan
6120	17	1.0	0.523824552335671	1.0	1.0	nan
6150	17	1.0	0.5250782248822811	1.0	1.0	1.0
6180	17	1.0	0.5263255475900276	1.0	1.0	1.0
6210	17	1.0	0.5275665864559294	1.0	1.0	nan
6240	17	1.0	0.5288002898454969	1.0	nan	nan
6270	17	1.0	0.5300285116741316	1.0	nan	1.0
6300	17	1.0	0.5312498114300043	1.0	nan	nan
6330	17	1.0	0.5324651559976462	1.0	1.0	1.0
6360	17	1.0	0.5336740288058033	1.0	nan	1.0
6390	17	1.0	0.5348763950766724	1.0	1.0	1.0
6420	17	1.0	0.5360731153195367	1.0	1.0	1.0
6450	17	1.0	0.5372634254794499	1.0	nan	1.0
6480	17	1.0	0.5384476425610017	1.0	1.0	1.0
6510	17	1.0	0.5396259610913231	1.0	nan	1.0
6540	17	1.0	0.5407979870587124	1.0	nan	1.0
6570	17	1.0	0.5419642056835093	1.0	1.0	1.0
6600	17	1.0	0.5431243255543203	1.0	1.0	1.0
6630	17	1.0	0.5442790527430101	1.0	1.0	nan
6660	17	1.0	0.5454275893892784	1.0	nan	1.0
6690	17	1.0	0.5465707803559593	1.0	1.0	1.0
6720	17	1.0	0.5477075730094639	1.0	1.0	1.0
6750	17	1.0	0.5488389894933468	1.0	1.0	1.0
6780	17	1.0	0.5499647728944502	1.0	1.0	1.0
6810	17	1.0	0.5510849519606115	1.0	1.0	nan
6840	17	1.0	0.5521995676822334	1.0	nan	1.0
6870	17	1.0	0.5533086635607043	1.0	1.0	1.0
6900	17	1.0	0.5544129252647069	1.0	1.0	1.0
6930	17	1.0	0.5555104533390803	1.0	1.0	1.0
6960	17	1.0	0.5566038465158415	1.0	nan	1.0
6990	17	1.0	0.5576906431239937	1.0	1.0	1.0
7020	17	1.0	0.5587728604738189	1.0	nan	1.0
7050	17	1.0	0.5598495513958022	1.0	nan	1.0
7080	17	1.0	0.5609207914703576	1.0	nan	1.0
7110	17	1.0	0.5619874861493259	1.0	1.0	1.0
7140	17	1.0	0.5630482370043188	1.0	1.0	nan
7170	17	1.0	0.5641045511946028	1.0	1.0	1.0
7200	17	1.0	0.5651558249460398	1.0	1.0	1.0
7230	17	1.0	0.5662019770938062	1.0	nan	1.0
7260	17	1.0	0.5672425481862118	1.0	1.0	1.0
7290	17	1.0	0.568278604263347	1.0	nan	1.0
7320	17	1.0	0.5693094349474825	1.0	nan	1.0
7350	17	1.0	0.5703354922413264	1.0	1.0	1.0
7380	17	1.0	0.5713566722699132	1.0	1.0	1.0
7410	17	1.0	0.572373009795558	1.0	nan	1.0
7440	17	1.0	0.573384538319076	1.0	1.0	1.0
7470	17	1.0	0.5743906864663942	1.0	1.0	1.0
7500	17	1.0	0.5753939173615669	1.0	nan	1.0
7530	17	1.0	0.57639061672405	1.0	nan	1.0
7560	17	1.0	0.5773832505053501	1.0	1.0	1.0
7590	17	1.0	0.578371243125121	1.0	1.0	1.0
7620	17	1.0	0.5793546270765436	1.0	nan	1.0
7650	17	1.0	0.5803334345495095	1.0	1.0	1.0
7680	17	1.0	0.5813076991670568	1.0	1.0	1.0
7710	17	1.0	0.5822774470494828	1.0	nan	1.0
7740	17	1.0	0.5832417807248226	1.0	1.0	1.0
7770	17	1.0	0.5842032711118141	1.0	1.0	1.0
7800	17	1.0	0.5851599285597273	1.0	1.0	1.0
7830	17	1.0	0.5861119368970645	1.0	nan	1.0
7860	17	1.0	0.5870595840968068	1.0	1.0	1.0
7890	17	1.0	0.5880030846772679	1.0	1.0	1.0
7920	17	1.0	0.5889425973490408	1.0	1.0	1.0
7950	17	1.0	0.5898766696010906	1.0	1.0	1.0
7980	17	1.0	0.5908071748877856	1.0	1.0	1.0
8010	17	1.0	0.5917334690979913	1.0	nan	1.0
8040	17	1.0	0.5926555782905697	1.0	1.0	1.0
8070	17	1.0	0.5935733283314992	1.0	nan	1.0
8100	17	1.0	0.5944873586155109	1.0	1.0	1.0
8130	17	1.0	0.5953969109041265	1.0	1.0	1.0
8160	17	1.0	0.5963027342767829	1.0	nan	1.0
8190	17	1.0	0.5972044135473128	1.0	1.0	1.0
8220	17	1.0	0.5981014738197965	1.0	1.0	1.0
8250	17	1.0	0.598995527815483	1.0	1.0	1.0
8280	17	1.0	0.5998857990197083	1.0	1.0	1.0
8310	17	1.0	0.6007710577606915	1.0	nan	1.0
8340	17	1.0	0.6016526035500094	1.0	1.0	1.0
8370	17	1.0	0.602530886563066	1.0	1.0	1.0
8400	17	1.0	0.6034045635649274	1.0	1.0	1.0
8430	17	1.0	0.6042747627411912	1.0	1.0	1.0
8460	17	1.0	0.6051413254684999	1.0	1.0	1.0
8490	17	1.0	0.606003753220517	1.0	1.0	1.0
8520	17	1.0	0.6068630431541284	1.0	1.0	1.0
8550	17	1.0	0.607717700949739	1.0	nan	1.0
8580	17	1.0	0.6085690950014155	1.0	nan	1.0
8610	17	1.0	0.6094169026509274	1.0	nan	1.0
8640	17	1.0	0.6102608439304149	1.0	nan	1.0
8670	17	1.0	0.6111012465160257	1.0	nan	1.0
8700	17	1.0	0.61193803246536	1.0	1.0	1.0
8730	17	1.0	0.6127712243302222	1.0	nan	1.0
8760	17	1.0	0.6136015131155694	1.0	1.0	1.0
8790	17	1.0	0.6144267737595872	1.0	nan	1.0
8820	17	1.0	0.6152494738883149	1.0	1.0	1.0
8850	17	1.0	0.616068522529141	1.0	1.0	1.0
8880	17	1.0	0.6168840914949694	1.0	nan	1.0
8910	17	1.0	0.6176962028214851	1.0	nan	1.0
8940	17	1.0	0.618504878470544	1.0	1.0	1.0
8970	17	1.0	0.6193108934106399	1.0	1.0	1.0
9000	17	1.0	0.6201112889587843	1.0	nan	1.0
9030	17	1.0	0.6209105081224919	1.0	1.0	1.0
9060	17	1.0	0.6217056568739241	1.0	nan	1.0
9090	17	1.0	0.6224968115606052	1.0	1.0	1.0
9120	17	1.0	0.6232859890730821	1.0	1.0	1.0
9150	17	1.0	0.624070692412223	1.0	1.0	1.0
9180	17	1.0	0.6248531724679349	nan	nan	1.0
9210	17	1.0	0.625632037480333	nan	1.0	1.0
9240	17	1.0	0.6264073694996525	1.0	1.0	1.0
9270	17	1.0	0.6271796502969287	nan	1.0	1.0
9300	17	1.0	0.6279487438412227	nan	nan	1.0
9330	17	1.0	0.6287146707648921	nan	1.0	1.0
9360	17	1.0	0.6294774505462123	1.0	1.0	1.0
9390	17	1.0	0.6302371017150598	1.0	nan	1.0
9420	17	1.0	0.6309934511428964	1.0	nan	1.0
9450	17	1.0	0.6317471003322744	1.0	1.0	1.0
9480	17	1.0	0.632497483835465	1.0	1.0	1.0
9510	17	1.0	0.6332448154362765	1.0	1.0	1.0
9540	17	1.0	0.6339897671772287	1.0	nan	1.0
9570	17	1.0	0.6347303962434715	1.0	nan	1.0
9600	17	1.0	0.6354686841258047	1.0	1.0	1.0
9630	17	1.0	0.6362043417317016	1.0	1.0	1.0
9660	17	1.0	0.636936164029958	1.0	nan	1.0
9690	17	1.0	0.6376663908962126	nan	1.0	1.0
9720	17	1.0	0.6383922263063904	nan	1.0	1.0
9750	17	1.0	0.6391154192969534	1.0	1.0	1.0
9780	17	1.0	0.6398358021238212	nan	1.0	1.0
9810	17	1.0	0.6405545017806514	1.0	nan	1.0
9840	17	1.0	0.6412692479523403	nan	nan	1.0
9870	17	1.0	0.6419813644430649	nan	nan	1.0
9900	17	1.0	0.6426906592225631	nan	1.0	1.0
9930	17	1.0	0.6433971285723019	nan	1.0	1.0
9960	17	1.0	0.6441004450787801	nan	1.0	1.0
9990	17	1.0	0.6448017805075791	nan	1.0	1.0
10020	17	1.0	0.6454999548095863	nan	nan	1.0
10050	17	1.0	0.6461953898122293	nan	1.0	1.0
10080	17	1.0	0.6468881006136543	1.0	nan	1.0
10110	17	1.0	0.6475781062670107	1.0	nan	1.0
10140	17	1.0	0.6482654195681306	1.0	1.0	1.0
10170	17	1.0	0.6489500571870591	nan	nan	1.0
10200	17	1.0	0.6496320346663051	nan	nan	1.0
10230	17	1.0	0.6503113676360233	1.0	nan	1.0
10260	17	1.0	0.6509883803049996	nan	1.0	1.0
10290	17	1.0	0.6516621611024914	1.0	1.0	1.0
10320	17	1.0	0.6523339319983649	1.0	1.0	1.0
10350	17	1.0	0.6530019205100596	1.0	nan	1.0
10380	17	1.0	0.653668896767843	nan	nan	1.0
10410	17	1.0	0.6543326804986694	1.0	nan	1.0
10440	17	1.0	0.6549939246608517	nan	nan	nan
10470	17	1.0	0.6556526437196917	1.0	nan	1.0
10500	17	1.0	0.6563088523356271	1.0	nan	1.0
10530	17	1.0	0.6569621900560105	1.0	1.0	1.0
10560	17	1.0	0.6576137948320517	nan	nan	nan
10590	17	1.0	0.6582625570623138	1.0	1.0	1.0
10620	17	1.0	0.6589088660733374	nan	1.0	nan
10650	17	1.0	0.6595525821243983	nan	nan	nan
10680	17	1.0	0.6601950284358304	1.0	1.0	nan
10710	17	1.0	0.6608334464462328	1.0	1.0	nan
10740	17	1.0	0.6614695749716377	nan	nan	nan
10770	17	1.0	0.6621040809818972	nan	1.0	nan
10800	17	1.0	0.662735953943463	nan	nan	nan
10830	17	1.0	0.6633654680440352	1.0	nan	nan
10860	17	1.0	0.6639926059775475	1.0	nan	nan
10890	17	1.0	0.664617024910735	nan	1.0	nan
10920	17	1.0	0.6652399888889179	nan	1.0	nan
10950	17	1.0	0.6658601985987147	nan	nan	nan
10980	17	1.0	0.6664781144437463	1.0	1.0	1.0
11010	17	1.0	0.6670937497135316	1.0	nan	nan
11040	17	1.0	0.6677071151482885	nan	nan	nan
11070	17	1.0	0.6683182251620339	nan	nan	nan
11100	17	1.0	0.6689272506848821	1.0	nan	nan
11130	17	1.0	0.6695337267166406	nan	1.0	nan
11160	17	1.0	0.6701381435229792	nan	1.0	nan
11190	17	1.0	0.6707395723739745	nan	1.0	nan
11220	17	1.0	0.6713403663676537	1.0	1.0	nan
11250	17	1.0	0.6719386905180299	nan	nan	1.0
11280	17	1.0	0.6725343893104537	1.0	1.0	nan
11310	17	1.0	0.6731274924525578	1.0	1.0	1.0
11340	17	1.0	0.6737179825818067	1.0	1.0	nan
11370	17	1.0	0.6743079326995541	1.0	nan	1.0
11400	17	1.0	0.6748947310033028	1.0	nan	nan
11430	17	1.0	0.6754800071246756	nan	1.0	nan
11460	17	1.0	0.6760627004722304	1.0	nan	nan
11490	17	1.0	0.6766436770536581	nan	nan	1.0
11520	17	1.0	0.6772217762636253	nan	1.0	nan
11550	17	1.0	0.6777990300927833	1.0	nan	nan
11580	17	1.0	0.6783736163752309	nan	nan	nan
11610	17	1.0	0.6789461571299223	nan	nan	nan
11640	17	1.0	0.6795166628695614	1.0	1.0	nan
11670	17	1.0	0.6800851448185707	nan	1.0	nan
11700	17	1.0	0.6806516135226521	nan	1.0	1.0
11730	17	1.0	0.6812160796551258	nan	nan	nan
11760	17	1.0	0.6817781578336941	nan	1.0	nan
11790	17	1.0	0.6823390467595337	1.0	nan	1.0
11820	17	1.0	0.6828975685950034	nan	nan	1.0
11850	17	1.0	0.6834541298660574	nan	1.0	nan
11880	17	1.0	0.6840087415864744	1.0	1.0	nan
11910	17	1.0	0.6845614125729252	nan	nan	1.0
11940	17	1.0	0.6851121530173694	nan	1.0	nan
11970	17	1.0	0.6856601428654194	1.0	nan	nan
12000	17	1.0	0.6862082884899364	1.0	1.0	1.0
12030	17	1.0	0.686752897622936	1.0	1.0	nan
12060	17	1.0	0.6872960194322839	nan	1.0	nan
12090	17	1.0	0.6878372611530956	1.0	1.0	1.0
12120	17	1.0	0.6883766324184025	nan	1.0	1.0
12150	17	1.0	0.688914390213958	nan	1.0	nan
12180	17	1.0	0.6894498027089714	nan	nan	nan
12210	17	1.0	0.6899836251057334	nan	nan	nan
12240	17	1.0	0.69051560732037	1.0	1.0	nan
12270	17	1.0	0.6910465576875626	nan	1.0	nan
12300	17	1.0	0.6915741200237978	nan	nan	nan
12330	17	1.0	0.692101184833236	1.0	nan	nan
12360	17	1.0	0.6926254172961517	nan	1.0	1.0
12390	17	1.0	0.6931483828440328	1.0	1.0	nan
12420	17	1.0	0.6936695707797794	nan	1.0	nan
12450	17	1.0	0.6941890416842555	1.0	1.0	nan
12480	17	1.0	0.6947066574139139	nan	nan	nan
12510	17	1.0	0.6952225702550691	1.0	nan	nan
12540	17	1.0	0.6957367430303545	nan	1.0	nan
12570	17	1.0	0.6962484943002917	nan	1.0	nan
12600	17	1.0	0.6967608627655484	1.0	1.0	nan
12630	17	1.0	0.6972689045986107	nan	nan	nan
12660	17	1.0	0.697776093360508	1.0	nan	nan
12690	17	1.0	0.698281801717207	nan	nan	nan
12720	17	1.0	0.6987857126330346	1.0	1.0	nan
12750	17	1.0	0.6992879433524409	1.0	nan	nan
12780	17	1.0	0.6997878149453394	nan	nan	nan
12810	17	1.0	0.7002873969073353	nan	nan	nan
12840	17	1.0	0.7007841735028352	nan	nan	nan
12870	17	1.0	0.7012802288608169	1.0	nan	nan
12900	17	1.0	0.7017734487143165	nan	1.0	nan
12930	17	1.0	0.7022665047271408	nan	1.0	nan
12960	17	1.0	0.7027575548725064	nan	nan	nan
12990	17	1.0	0.7032462894340039	nan	1.0	nan
13020	17	1.0	0.7037344422263203	nan	nan	nan
13050	17	1.0	0.704219647323791	1.0	nan	nan
13080	17	1.0	0.7047040408691811	1.0	nan	nan
13110	17	1.0	0.7051868357758024	1.0	nan	nan
13140	17	1.0	0.7056677694124042	nan	1.0	nan
13170	17	1.0	0.7061463736200199	nan	nan	nan
13200	17	1.0	0.7066253301192268	1.0	nan	nan
13230	17	1.0	0.7071024770104801	1.0	nan	nan
13260	17	1.0	0.7075766836425257	1.0	nan	nan
13290	17	1.0	0.7080490487024718	nan	nan	nan
13320	17	1.0	0.7085218866016153	nan	nan	nan
13350	17	1.0	0.7089920774087816	1.0	1.0	nan
13380	17	1.0	0.7094609961333787	1.0	nan	nan
13410	17	1.0	0.7099282875491262	nan	1.0	nan
13440	17	1.0	0.7103940768396495	1.0	1.0	nan
13470	17	1.0	0.7108592083932488	nan	nan	nan
13500	17	1.0	0.7113219195160886	nan	nan	nan
13530	17	1.0	0.7117825134142243	nan	1.0	nan
13560	17	1.0	0.7122430181966561	nan	nan	nan
13590	17	1.0	0.7127007639968975	1.0	1.0	nan
13620	17	1.0	0.7131576989802441	1.0	nan	nan
13650	17	1.0	0.713613182886087	1.0	1.0	nan
13680	17	1.0	0.7140677206945044	1.0	1.0	nan
13710	17	1.0	0.7145202130826264	nan	nan	nan
13740	17	1.0	0.7149712183006838	nan	1.0	nan
13770	17	1.0	0.7154207308311132	1.0	nan	nan
13800	17	1.0	0.7158687430394963	nan	1.0	nan
13830	17	1.0	0.7163159960246482	nan	nan	nan
13860	17	1.0	0.7167623089005742	1.0	1.0	nan
13890	17	1.0	0.7172057818237356	1.0	1.0	nan
13920	17	1.0	0.7176477288476993	1.0	1.0	nan
13950	17	1.0	0.7180897057740263	nan	nan	nan
13980	17	1.0	0.7185290941725931	1.0	1.0	nan
14010	17	1.0	0.7189677973256706	nan	1.0	nan
14040	17	1.0	0.7194063677635315	1.0	1.0	nan
14070	17	1.0	0.7198413726437389	1.0	1.0	nan
14100	17	1.0	0.7202758935973222	1.0	1.0	nan
14130	17	1.0	0.7207090673917979	nan	1.0	nan
14160	17	1.0	0.7211409042251076	nan	1.0	nan
14190	17	1.0	0.7215714065521438	1.0	1.0	nan
14220	17	1.0	0.7220005815645368	1.0	nan	nan
14250	17	1.0	0.7224274919541491	1.0	1.0	nan
14280	17	1.0	0.7228549746266183	nan	nan	nan
14310	17	1.0	0.7232802048965045	nan	nan	nan
14340	17	1.0	0.7237041321789967	nan	nan	nan
14370	17	1.0	0.7241272172050665	1.0	nan	nan
14400	17	1.0	0.7245481028298296	nan	1.0	nan
14430	17	1.0	0.7249673694627701	nan	1.0	nan
14460	17	1.0	0.7253869317697683	nan	1.0	nan
14490	17	1.0	0.7258052259274206	1.0	1.0	nan
14520	17	1.0	0.7262216935085393	nan	nan	nan
14550	17	1.0	0.7266365093334046	nan	1.0	nan
14580	17	1.0	0.7270493567370794	nan	1.0	nan
14610	17	1.0	0.7274611657562194	nan	1.0	nan
14640	17	1.0	0.7278730441496086	1.0	1.0	nan
14670	17	1.0	0.7282830266012904	1.0	1.0	nan
14700	17	1.0	0.7286920309736461	1.0	nan	nan
14730	17	1.0	0.7290992961979461	1.0	nan	nan
14760	17	1.0	0.7295055947004299	1.0	1.0	1.0
14790	17	1.0	0.7299106763428096	1.0	nan	1.0
14820	17	1.0	0.7303145464464622	1.0	1.0	1.0
14850	17	1.0	0.73071721058226	nan	1.0	nan
14880	17	1.0	0.7311186739616319	1.0	1.0	nan
14910	17	1.0	0.7315199091742899	nan	nan	nan
14940	17	1.0	0.7319170474764638	1.0	1.0	nan
14970	17	1.0	0.7323159147342382	1.0	nan	nan
15000	17	1.0	0.7327126162832032	1.0	1.0	nan
15030	17	1.0	0.7331081682928962	1.0	1.0	nan
15060	17	1.0	0.7335034101261451	1.0	1.0	1.0
15090	17	1.0	0.7338957467889778	nan	1.0	1.0
15120	17	1.0	0.7342877942226828	nan	nan	1.0
15150	17	1.0	0.7346786640090369	nan	1.0	nan
15180	17	1.0	0.7350684377794207	1.0	1.0	1.0
15210	17	1.0	0.735457041176852	nan	nan	1.0
15240	17	1.0	0.7358445922827271	nan	1.0	1.0
15270	17	1.0	0.7362308381349871	nan	nan	nan
15300	17	1.0	0.7366159141911164	nan	1.0	nan
15330	17	1.0	0.7370001215053761	1.0	nan	nan
15360	17	1.0	0.7373830828326043	nan	1.0	nan
15390	17	1.0	0.7377649305690474	1.0	1.0	nan
15420	17	1.0	0.7381456696368227	1.0	1.0	nan
15450	17	1.0	0.7385253053213688	nan	1.0	1.0
15480	17	1.0	0.738903840323469	nan	nan	nan
15510	17	1.0	0.7392809556177328	1.0	1.0	1.0
15540	17	1.0	0.7396578945392399	1.0	nan	1.0
15570	17	1.0	0.7400328999242207	nan	1.0	nan
15600	17	1.0	0.7404070864528172	nan	nan	nan
15630	17	1.0	0.7407801971313377	nan	nan	nan
15660	17	1.0	0.7411522370474675	1.0	1.0	1.0
15690	17	1.0	0.7415232103351851	nan	nan	nan
15720	17	1.0	0.7418931205189686	nan	1.0	1.0
15750	17	1.0	0.7422619762455576	nan	nan	1.0
15780	17	1.0	0.7426297776770174	1.0	nan	1.0
15810	17	1.0	0.7429965311298636	1.0	nan	1.0
15840	17	1.0	0.7433622406287627	nan	1.0	nan
15870	17	1.0	0.743727153239404	nan	1.0	1.0
15900	17	1.0	0.744090784480132	nan	1.0	nan
15930	17	1.0	0.7444531512299908	1.0	1.0	1.0
15960	17	1.0	0.7448147298990047	1.0	nan	1.0
15990	17	1.0	0.745174863863925	nan	nan	nan
16020	17	1.0	0.745534825047456	nan	1.0	1.0
16050	17	1.0	0.7458933528238588	nan	nan	1.0
16080	17	1.0	0.7462508703459754	nan	nan	1.0
16110	17	1.0	0.7466079937969655	nan	1.0	1.0
16140	17	1.0	0.74696289586457	nan	1.0	nan
16170	17	1.0	0.7473174122334896	nan	1.0	1.0
16200	17	1.0	0.7476701303028097	nan	nan	1.0
16230	17	1.0	0.7480234732198947	nan	nan	nan
16260	17	1.0	0.7483750259740601	1.0	1.0	1.0
16290	17	1.0	0.748726248492	1.0	1.0	1.0
16320	17	1.0	0.7490751969740271	1.0	1.0	nan
16350	17	1.0	0.7494238232297712	1.0	1.0	1.0
16380	17	1.0	0.7497717594752338	1.0	nan	nan
16410	17	1.0	0.7501181777577447	nan	nan	1.0
16440	17	1.0	0.7504639147061489	nan	nan	nan
16470	17	1.0	0.7508086945961066	nan	1.0	nan
16500	17	1.0	0.7511521296487177	1.0	1.0	1.0
16530	17	1.0	0.7514954058281909	nan	1.0	1.0
16560	17	1.0	0.7518373440680389	nan	1.0	1.0
16590	17	1.0	0.7521783425608366	nan	1.0	1.0
16620	17	1.0	0.7525193260922298	nan	1.0	1.0
16650	17	1.0	0.7528575357906705	nan	1.0	nan
16680	17	1.0	0.7531956475900908	nan	nan	1.0
16710	17	1.0	0.7535330164130845	nan	nan	nan
16740	17	1.0	0.7538693738848956	1.0	nan	nan
16770	17	1.0	0.7542048132859056	nan	nan	1.0
16800	17	1.0	0.7545404631679834	nan	1.0	1.0
16830	17	1.0	0.7548729592735255	1.0	1.0	nan
16860	17	1.0	0.7552056732781148	1.0	nan	nan
16890	17	1.0	0.7555374849036148	1.0	nan	1.0
16920	17	1.0	0.7558683964242058	nan	nan	1.0
16950	17	1.0	0.7561988605400223	1.0	nan	1.0
16980	17	1.0	0.7565275410402877	nan	nan	1.0
17010	17	1.0	0.7568557802140102	nan	nan	1.0
17040	17	1.0	0.7571821485488484	nan	nan	nan
17070	17	1.0	0.757509610990873	nan	nan	1.0
17100	17	1.0	0.7578352101450184	nan	nan	1.0
17130	17	1.0	0.758159934472367	1.0	nan	nan
17160	17	1.0	0.7584837901393887	nan	1.0	nan
17190	17	1.0	0.758806775689087	1.0	nan	nan
17220	17	1.0	0.759128537226729	nan	nan	nan
17250	17	1.0	0.7594501733256482	nan	1.0	nan
17280	17	1.0	0.759770249396231	1.0	1.0	1.0
17310	17	1.0	0.7600901436484219	nan	1.0	1.0
17340	17	1.0	0.7604083881175315	nan	nan	nan
17370	17	1.0	0.7607267180012149	nan	1.0	1.0
17400	17	1.0	0.7610429295364409	nan	1.0	1.0
17430	17	1.0	0.7613605966236384	nan	nan	1.0
17460	17	1.0	0.7616761888284462	nan	1.0	nan
17490	17	1.0	0.7619897840369263	nan	nan	nan
17520	17	1.0	0.7623034713940685	nan	1.0	nan
17550	17	1.0	0.7626163316775897	1.0	nan	1.0
17580	17	1.0	0.7629283696307834	nan	nan	1.0
17610	17	1.0	0.763239307092855	nan	1.0	1.0
17640	17	1.0	0.7635494111565995	nan	1.0	1.0
17670	17	1.0	0.7638595803237586	nan	1.0	nan
17700	17	1.0	0.7641683602500591	nan	nan	nan
17730	17	1.0	0.7644763337553613	nan	1.0	1.0
17760	17	1.0	0.7647835041730303	nan	1.0	nan
17790	17	1.0	0.7650898741233836	nan	nan	1.0
17820	17	1.0	0.7653954471401928	nan	1.0	1.0
17850	17	1.0	0.7657002269748856	nan	nan	1.0
17880	17	1.0	0.7660042143338073	nan	1.0	1.0
17910	17	1.0	0.7663074145700018	nan	1.0	1.0
17940	17	1.0	0.7666098301733041	nan	1.0	1.0
17970	17	1.0	0.7669114643318458	nan	1.0	nan
18000	17	1.0	0.7672120911968962	nan	1.0	1.0
18030	17	1.0	0.7675123991213895	nan	1.0	nan
18060	17	1.0	0.7678117071529136	1.0	1.0	1.0
18090	17	1.0	0.7681100680729304	nan	nan	1.0
18120	17	1.0	0.7684090837856918	nan	1.0	1.0
18150	17	1.0	0.7687051243092753	1.0	nan	1.0
18180	17	1.0	0.769000614259259	nan	1.0	1.0
18210	17	1.0	0.769296753899067	nan	nan	nan
18240	17	1.0	0.7695922747042526	nan	1.0	1.0
18270	17	1.0	0.7698860581316124	nan	1.0	1.0
18300	17	1.0	0.7701787012398627	1.0	nan	1.0
18330	17	1.0	0.7704719047580132	1.0	nan	nan
18360	17	1.0	0.7707629288287785	nan	nan	1.0
18390	17	1.0	0.7710539299250313	nan	nan	nan
18420	17	1.0	0.7713441932049848	1.0	nan	1.0
18450	17	1.0	0.7716337215520501	nan	1.0	1.0
18480	17	1.0	0.7719224153319383	1.0	1.0	1.0
18510	17	1.0	0.7722105839488856	nan	nan	1.0
18540	17	1.0	0.7724979238218592	1.0	1.0	1.0
18570	17	1.0	0.7727845404358273	1.0	1.0	1.0
18600	17	1.0	0.7730698964110194	1.0	1.0	nan
18630	17	1.0	0.7733556099555923	nan	1.0	1.0
18660	17	1.0	0.7736400700325037	1.0	1.0	nan
18690	17	1.0	0.7739238169813752	nan	1.0	1.0
18720	17	1.0	0.7742068542188453	nan	1.0	1.0
18750	17	1.0	0.7744891026014951	nan	1.0	1.0
18780	17	1.0	0.7747708053461079	nan	1.0	1.0
