cut_off	num_rel	true_recall	SWIFT	SWIFT+forget0.1	SWIFT+forget0.2	SWIFT+forget0.5
30	11	0.01634472511144131	0.0008771230364427657	0.0008661417322834646	0.0008678500986193294	0.0008731544689633275
60	13	0.019316493313521546	0.0031059610560698336	0.003071107961256792	0.0031137724550898203	0.0032451323015476783
90	18	0.02674591381872214	0.0033474137243950795	0.0033277870216306157	0.00338282277767337	0.0035580154180668115
120	32	0.0475482912332838	0.0025549922152647638	0.002523062366947883	0.0025280455048190867	0.002543518003338367
150	47	0.06983655274888559	0.00312853624443364	0.0030890568517909956	0.003091088457744163	0.003096587165634471
180	64	0.0950965824665676	0.0025601024040989746	0.00253375034641118	0.00253375034641118	0.002533650039588282
210	75	0.11144130757800892	0.005985634477270181	0.00591529300418014	0.00593213636004113	0.0059822924144532184
240	89	0.13224368499257058	0.008275990329176927	0.008185413409362642	0.008224748174845208	0.008341925203861655
270	97	0.14413075780089152	0.012839179351512136	0.012576170102424478	0.012550135851986027	0.012469469083429746
300	106	0.1575037147102526	0.014027658307514833	0.013751946030098598	0.013735907736166904	0.013689784321322484
330	115	0.17087667161961367	0.016711803950180067	0.016452074391988557	0.016518241884515943	0.01671268710943177
360	125	0.18573551263001487	0.009986019572624329	0.009868940470551082	0.009896286913150186	0.009980836793356755
390	139	0.2065378900445765	0.00926975658555325	0.009132720105124836	0.009118341642613487	0.009076069213189684
420	158	0.23476968796433878	0.010534035602401562	0.010435931307793923	0.010477453580901857	0.010603315213744044
450	174	0.2585438335809807	0.016164994425931837	0.016051660516605167	0.01619207146845338	0.01662367440527372
480	180	0.2674591381872214	0.014374126572207373	0.014173228346456693	0.014178810555336747	0.01419782300047326
510	188	0.27934621099554235	0.015018373542138318	0.014831177027453455	0.014859310780904205	0.014943168269612908
540	204	0.3031203566121842	0.013613613613649725	0.013466235395075583	0.013497419610956728	0.013595468177274242
570	213	0.3164933135215453	0.017015497683380065	0.01675055048757471	0.016730814547168328	0.01666536264768015
600	226	0.33580980683506684	0.015089804366735538	0.014914538375239227	0.01493819816246943	0.015010626992561105
630	239	0.3551263001485884	0.015959933222078917	0.015787040095118568	0.01582362288135593	0.01593439562637509
660	249	0.3699851411589896	0.026350251994262643	0.02600793816586589	0.026097893302588826	0.026377118644067797
690	266	0.3952451708766716	0.017766497461975776	0.01760074108383511	0.017670896166877035	0.017881150847001884
720	280	0.4160475482912333	0.0187028254626102	0.018441678192715538	0.01842832697117283	0.018384766907419567
750	294	0.43684992570579495	0.013179128563748437	0.013027872557273895	0.013019218846869188	0.012993900822063113
780	306	0.45468053491827637	0.013723511604444634	0.013574660633484163	0.013574660633484163	0.013574058466042673
810	313	0.4650817236255572	0.04878809134169076	0.04850457151712382	0.04919063334904919	0.051353568498769486
840	313	0.4650817236255572	0.10355856187241927	0.10478741211918313	0.10913528591352858	0.12366653496641644
870	322	0.4784546805349183	0.02992008920274035	0.029435963067922115	0.029414451447885265	0.029350104821802937
900	327	0.48588410104011887	0.06295725881458394	0.06187322611163671	0.062143671607753706	0.06298151001540832
930	327	0.48588410104011887	0.11856417694229192	0.1187363834422658	0.12251779692768827	0.13506815365551425
960	327	0.48588410104011887	0.1680369979306554	0.17147351861562665	0.1811634349030471	0.2152732060566162
990	327	0.48588410104011887	0.21233765719745262	0.22049898853674982	0.23799126637554585	0.3011049723756906
1020	327	0.48588410104011887	0.2522369737368584	0.2662866449511401	0.2927484333034915	0.38974970202622167
1050	327	0.48588410104011887	0.2883597883753889	0.30907372400756145	0.3453009503695882	0.47737226277372263
1080	328	0.487369985141159	0.31558989163389667	0.3253968253968254	0.346723044397463	0.39281437125748503
1110	328	0.487369985141159	0.34617881005961837	0.3624309392265193	0.3932853717026379	0.47262247838616717
1140	328	0.487369985141159	0.37420592180764534	0.3975757575757576	0.4379172229639519	0.5503355704697986
1170	328	0.487369985141159	0.39998008106621663	0.4304461942257218	0.4809384164222874	0.6247619047619047
1200	328	0.487369985141159	0.4237624710245214	0.4619718309859155	0.5214626391096979	0.6905263157894737
1230	338	0.5022288261515602	0.018386552793353425	0.018161302455537046	0.018153499113808477	0.01813304721030043
1260	351	0.5215453194650818	0.03748348083796252	0.03699409780775717	0.03712321523003702	0.03752004275788348
1290	358	0.5319465081723626	0.04281613777709487	0.04200891809434405	0.041944932630345634	0.04174927113702624
1320	365	0.5423476968796433	0.06186440678021195	0.06101638248077566	0.06142712891282397	0.0626717032967033
1350	373	0.5542347696879644	0.049332098929042924	0.0484919396775871	0.04854874398021606	0.04872632266492489
1380	388	0.5765230312035661	0.02115680848454809	0.020945800043187218	0.020986585893552574	0.021111050655639587
1410	395	0.586924219910847	0.04219521965570824	0.04151776329619508	0.04153522607781283	0.041578947368421056
1440	400	0.5943536404160475	0.07726482518911486	0.07637960664502577	0.07714561234329798	0.0794754619511226
1470	406	0.6032689450222882	0.0686720965943253	0.06798392498325519	0.06868550160717307	0.07085514834205933
1500	414	0.6151560178306092	0.044268013954047884	0.04362486828240253	0.04370777027027027	0.04394904458598726
1530	418	0.6210995542347697	0.08069498069579464	0.07913669064748201	0.0793168880455408	0.07990823934238195
1560	421	0.62555720653789	0.11024240610499776	0.10898265596686513	0.11044071353620147	0.11496450027307482
1590	422	0.6270430906389302	0.17164438961690073	0.17002417405318293	0.17366255144032922	0.18533157663592445
1620	430	0.6389301634472511	0.06757022163172814	0.06686362929559944	0.06750392464678179	0.06947810631766037
1650	431	0.6404160475482912	0.12696074821624906	0.1271386430678466	0.13068526379624015	0.1421503957783641
1680	435	0.6463595839524517	0.13731560735993573	0.13169845594913715	0.12973456606024455	0.12386104783599089
1710	443	0.6582466567607727	0.07504658648210873	0.07358803986710963	0.07363696808510638	0.07379643511577545
1740	446	0.662704309063893	0.10170651058619398	0.10011223344556677	0.10088215335896857	0.10331248552235349
1770	450	0.6686478454680534	0.12749445540357582	0.12406947890818859	0.12376237623762376	0.12251565477811054
1800	454	0.674591381872214	0.08779733127142747	0.08654212733511246	0.08715684392397773	0.08900215643991374
1830	454	0.674591381872214	0.1615658363021401	0.16214285714285714	0.16746587974917004	0.18492871690427698
1860	454	0.674591381872214	0.22441918251640988	0.22917718324078748	0.2417465388711395	0.2849968612680477
1890	454	0.674591381872214	0.2786130715044498	0.28898790579248884	0.3103212576896787	0.3850720949957591
1920	454	0.674591381872214	0.32582173103149525	0.34264150943396227	0.3736625514403292	0.4814422057264051
1950	455	0.6760772659732541	0.3678253968788721	0.37325676784249384	0.3902229845626072	0.42168674698795183
1980	455	0.6760772659732541	0.40459857725733017	0.4166666666666667	0.44260700389105057	0.5061179087875417
2010	455	0.6760772659732541	0.437394857030629	0.4563691073219659	0.49136069114470843	0.5855855855855856
2040	455	0.6760772659732541	0.4668262623764187	0.49295774647887325	0.5365566037735849	0.658465991316932
2070	455	0.6760772659732541	0.4933853828122977	0.5260115606936416	0.5788804071246819	0.7233704292527822
2100	459	0.6820208023774146	0.33258015617923137	0.30317040951122853	0.28544776119402987	0.2351434426229508
2130	460	0.6835066864784547	0.12137203166393996	0.12004175365344467	0.12166093626024861	0.12647786637338465
2160	460	0.6835066864784547	0.19163339698410775	0.19303399076793956	0.20034843205574912	0.22439024390243903
2190	466	0.6924219910846954	0.07419200723267001	0.07318988534631694	0.0736409608091024	0.0749798873692679
2220	467	0.6939078751857355	0.14834997006613398	0.1476446411634524	0.15098609763983187	0.16181566181566182
2250	471	0.6998514115898959	0.1363185313839714	0.13108822710826606	0.12932454695222406	0.1240126382306477
2280	477	0.7087667161961367	0.07603714146597258	0.07484701082692609	0.07515361588151882	0.07610082961072112
2310	478	0.7102526002971769	0.1417136072031017	0.14067098293113597	0.1432853717026379	0.15126582278481013
2340	485	0.7206537890044576	0.05917039446959663	0.057972746832416926	0.05780002383506137	0.05728120940120468
2370	486	0.7221396731054978	0.11753474989897632	0.11685501322433277	0.11900097943192949	0.12551652892561985
2400	486	0.7221396731054978	0.19263455972453397	0.19486768243785085	0.20309235269536147	0.23011363636363635
2430	487	0.7236255572065379	0.2564728200388436	0.25780836421386977	0.2672886937431394	0.29586877278250306
2460	489	0.7265973254086181	0.3015040330023853	0.2900355871886121	0.2881555686505598	0.2797482837528604
2490	490	0.7280832095096582	0.31238171133722803	0.3006134969325153	0.29932803909590716	0.29518072289156627
2520	495	0.7355126300148589	0.09132239573117724	0.08970641536788691	0.08998363933830213	0.09080902586681343
2550	499	0.7414561664190193	0.10387177352314951	0.10219127585500717	0.10278063851699279	0.10450261780104712
2580	499	0.7414561664190193	0.18355601819859185	0.183861459100958	0.18951766046334978	0.20809007506255212
2610	499	0.7414561664190193	0.2503599319471397	0.25498211548288197	0.2682795698924731	0.31344221105527637
2640	500	0.7429420505200595	0.3040900112737967	0.3061849357011635	0.3184713375796178	0.35486160397445
2670	500	0.7429420505200595	0.35350678734471935	0.3615328994938539	0.38255547054322875	0.44964028776978415
2700	504	0.7488855869242199	0.20087489064318564	0.19018867924528302	0.18529411764705883	0.171021377672209
2730	504	0.7488855869242199	0.2920106772708223	0.28426395939086296	0.28620102214650767	0.2938775510204082
2760	504	0.7488855869242199	0.3436176565335258	0.34054054054054056	0.3502432244614315	0.3850267379679144
2790	504	0.7488855869242199	0.3883035906429252	0.391304347826087	0.40942323314378554	0.4750235626767201
2820	504	0.7488855869242199	0.4273732463752761	0.43674176776429807	0.46408839779005523	0.560622914349277
2850	507	0.7533432392273403	0.38465291589897177	0.3665943600867679	0.3603411513859275	0.3344327176781003
2880	508	0.7548291233283804	0.40450460700293744	0.3813813813813814	0.37216117216117217	0.3489010989010989
2910	509	0.7563150074294205	0.24354880510928148	0.2428435114503817	0.24950980392156863	0.26916975145425703
2940	510	0.7578008915304606	0.2923245271315886	0.28829847371396267	0.29310344827586204	0.30484160191273163
2970	511	0.7592867756315007	0.342024852325194	0.3324658425504229	0.33376877857609405	0.33596318211702825
3000	511	0.7592867756315007	0.38782424851941666	0.3836336336336336	0.3930769230769231	0.42371475953565507
3030	514	0.763744427934621	0.27120797709335415	0.26157760814249365	0.260253164556962	0.2554671968190855
3060	515	0.7652303120356612	0.2837315251451395	0.27481323372465316	0.27481323372465316	0.27481323372465316
3090	517	0.7682020802377415	0.23890134908823069	0.23256860098965362	0.23330324909747294	0.23404255319148937
3120	520	0.7726597325408618	0.172280508009671	0.16736401673640167	0.16698779704560052	0.16592214422463306
3150	526	0.7815750371471025	0.058780801251896775	0.0582180409518539	0.058633374205774164	0.05992936082944059
3180	528	0.7845468053491828	0.14718515984559474	0.14654454621149043	0.14965986394557823	0.1596130592503023
3210	529	0.7860326894502229	0.22073857709169017	0.2191383595691798	0.2239627434377646	0.23775280898876405
3240	531	0.7890044576523031	0.25811156225386084	0.2527367920038077	0.2552884615384615	0.26222222222222225
3270	533	0.7919762258543833	0.20773836941949297	0.20413634622749904	0.20626934984520123	0.21201272871917262
3300	536	0.7964338781575037	0.17217479398869195	0.16791979949874686	0.1681832444304989	0.1688720856962823
3330	539	0.8008915304606241	0.1505051530712423	0.1475095785440613	0.1482806052269601	0.150600726459905
3360	540	0.8023774145616642	0.205384203962167	0.2033898305084746	0.2072936660268714	0.21951219512195122
3390	545	0.8098068350668648	0.0959182292027434	0.09491466388018112	0.09586631486367635	0.09880348078317622
3420	547	0.812778603268945	0.175738628643625	0.17271866119355858	0.17431485022307203	0.17881660673422686
3450	548	0.8142644873699851	0.24754376059333733	0.24301552106430155	0.2458501570210857	0.2541743970315399
3480	551	0.8187221396731055	0.21965317788809047	0.21323529411764705	0.21307037896365041	0.21257716049382716
3510	556	0.826151560178306	0.09806262549603446	0.09641061210334663	0.09674612841482512	0.09776683664497977
3540	559	0.8306092124814265	0.1441000193336341	0.14126863785696234	0.14187817258883248	0.14359106087849988
3570	565	0.8395245170876672	0.10654633620780989	0.10472659870250231	0.10515540666294435	0.10648322653599698
3600	566	0.8410104011887073	0.17598408059478854	0.17577639751552795	0.18031220133800574	0.19483648881239243
3630	569	0.8454680534918276	0.23131424787828064	0.22481232714342156	0.224901185770751	0.22454617205998423
3660	572	0.849925705794948	0.15992070204060968	0.15632686526373327	0.15658362989323843	0.15718604012091233
3690	575	0.8543833580980683	0.14196608407687986	0.13898960599468213	0.13936015511391178	0.1402439024390244
3720	577	0.8573551263001485	0.16750814126669653	0.16471595775049958	0.16609096142774898	0.17000589275191513
3750	579	0.8603268945022289	0.2248226199348452	0.21807909604519773	0.21758737316798196	0.21548195013025678
3780	580	0.861812778603269	0.2459176072937956	0.24247491638795987	0.2461799660441426	0.2577777777777778
3810	586	0.8707280832095097	0.06657388735867112	0.06543830262423227	0.06541638758651484	0.06533615787713234
3840	587	0.8722139673105498	0.15807494037079703	0.15749932921921117	0.16082191780821917	0.1714869997078586
3870	589	0.87518573551263	0.22862486326743575	0.22506687046236148	0.22794117647058823	0.23607214428857715
3900	592	0.8796433878157504	0.19614917221585604	0.19133807369101485	0.19164778245386857	0.19233268356075373
3930	592	0.8796433878157504	0.2753671340356136	0.2736939435968562	0.2803030303030303	0.3023493360572012
3960	592	0.8796433878157504	0.3405079768715105	0.3437862950058072	0.35878787878787877	0.4091223220456116
3990	592	0.8796433878157504	0.3950177936087492	0.40437158469945356	0.4283646888567294	0.5090283748925194
4020	593	0.8811292719167905	0.4241773945515116	0.4272334293948127	0.4438622754491018	0.4864643150123052
4050	596	0.8855869242199108	0.4164919636776408	0.3895424836601307	0.3755513547574039	0.3348314606741573
4080	597	0.8870728083209509	0.26851071007558236	0.2624175824175824	0.2642762284196547	0.2697695436059648
4110	598	0.888558692421991	0.28352481973053295	0.2815442561205273	0.28819277108433733	0.30952380952380953
4140	598	0.888558692421991	0.34827139544626046	0.35135135135135137	0.36619718309859156	0.41614474599860823
4170	598	0.888558692421991	0.40240035398396823	0.4115622849277357	0.43522561863173215	0.5150732127476314
4200	601	0.8930163447251115	0.3798661188971082	0.3633615477629988	0.35752528256989885	0.3350055741360089
4230	601	0.8930163447251115	0.4294334012878686	0.41823242867084204	0.42027972027972027	0.4244350282485876
4260	604	0.8974739970282318	0.26213780737730497	0.2531433361274099	0.2514571190674438	0.24483177948925822
4290	608	0.9034175334323923	0.1310027202469566	0.12914188615123195	0.13019271948608138	0.13350900307422048
4320	609	0.9049034175334324	0.20325595061227783	0.2025948103792415	0.20735444330949948	0.22234392113910187
4350	610	0.9063893016344725	0.27483667493331065	0.273542600896861	0.2802021129995407	0.2999016715830875
4380	610	0.9063893016344725	0.3428542230955236	0.3465909090909091	0.36158861885002963	0.40939597315436244
4410	613	0.9108469539375929	0.3359112480582517	0.3236536430834213	0.32127882599580715	0.3135549872122762
4440	613	0.9108469539375929	0.3938434764454291	0.3865069356872636	0.3916932907348243	0.4100334448160535
4470	613	0.9108469539375929	0.4425838866909744	0.44100719424460433	0.4547477744807122	0.5028712059064807
4500	615	0.9138187221396731	0.36569049383731383	0.35985956699824456	0.3645524599881446	0.37272727272727274
4530	616	0.9153046062407132	0.4095971508915407	0.3966516419832582	0.39588688946015427	0.3886435331230284
4560	619	0.9197622585438335	0.2586981506689455	0.24849458048976314	0.2455374851249504	0.23634975181366935
4590	620	0.9212481426448736	0.2372638124897647	0.2339622641509434	0.23727516264829698	0.2478017585931255
4620	621	0.9227340267459139	0.28554605605347044	0.2825295723384895	0.28789986091794156	0.30307467057101023
4650	621	0.9227340267459139	0.35339308579816153	0.3554665140240412	0.3687648456057007	0.4115308151093439
4680	624	0.9271916790490342	0.3506513410066249	0.3345844504021448	0.32894043226146547	0.31060228969636633
4710	625	0.9286775631500743	0.3254343624382103	0.31709791983764585	0.3187149413564508	0.3250130005200208
4740	626	0.9301634472511144	0.2931201712502219	0.2908921933085502	0.2972459639126306	0.3160020191822312
4770	626	0.9301634472511144	0.360380559932028	0.363319791062101	0.37779118889559443	0.42469470827679784
4800	626	0.9301634472511144	0.4160735429411825	0.42498302783435166	0.4484240687679083	0.5247275775356245
4830	627	0.9316493313521546	0.4546302051140719	0.45369030390738063	0.4658246656760773	0.4894613583138173
4860	627	0.9316493313521546	0.49587787429020597	0.5016	0.5220649458784347	0.5752293577981651
4890	629	0.9346210995542348	0.5140473694174288	0.5101378751013788	0.5198347107438016	0.5362318840579711
4920	632	0.9390787518573551	0.21324935328220138	0.20606455820019562	0.20446457457133613	0.19943199747554433
4950	634	0.9420505200594353	0.19483712354322266	0.19229602669093115	0.19477726574500767	0.20262064557366571
4980	634	0.9420505200594353	0.2824827775367763	0.28354203935599287	0.29311141932501156	0.3251282051282051
5010	634	0.9420505200594353	0.3530722108882103	0.35961429381735677	0.3778307508939213	0.43936243936243935
5040	638	0.9479940564635958	0.3505167463222805	0.33229166666666665	0.3246819338422392	0.3023696682464455
5070	638	0.9479940564635958	0.4094220593598115	0.3957816377171216	0.3952912019826518	0.3975077881619938
5100	638	0.9479940564635958	0.45863900641127453	0.4508833922261484	0.4586628324946082	0.49001536098310294
5130	639	0.9494799405646359	0.5007676893060331	0.49921875	0.5157384987893463	0.5767148014440433
5160	639	0.9494799405646359	0.4245729630963825	0.43263371699390657	0.45351312987934705	0.5128410914927769
5190	641	0.9524517087667161	0.4636767739635169	0.44731332868108864	0.4432918395573997	0.42143326758711375
5220	641	0.9524517087667161	0.5049894957982579	0.49498069498069497	0.4992211838006231	0.5075217735550277
5250	641	0.9524517087667161	0.5404721754036391	0.5368509212730318	0.5502145922746781	0.5891544117647058
5280	641	0.9524517087667161	0.5712775432820412	0.5743727598566308	0.595724907063197	0.6628748707342296
5310	643	0.9554234769687965	0.4828535807958304	0.46831755280407866	0.46695715323166304	0.4537755822159492
5340	645	0.9583952451708767	0.45148856990947395	0.4240631163708087	0.4105665181413113	0.37026406429391506
5370	645	0.9583952451708767	0.49510043681619775	0.4739162380602498	0.4684095860566449	0.4564755838641189
5400	645	0.9583952451708767	0.5323716685407054	0.5176565008025682	0.5210016155088854	0.5402010050251256
5430	645	0.9583952451708767	0.5645912830567731	0.5565142364106989	0.5687830687830688	0.6184084372003835
5460	646	0.9598811292719168	0.46534111834502456	0.4684554024655547	0.48534936138241924	0.5260586319218241
5490	647	0.9613670133729569	0.5049441221875381	0.4976923076923077	0.50546875	0.5192616372391653
5520	647	0.9613670133729569	0.5411031992267544	0.5405179615705932	0.5567986230636833	0.6007428040854225
5550	648	0.962852897473997	0.5439957208049776	0.5337726523887973	0.5391014975041597	0.5459140690817186
5580	649	0.9643387815750372	0.5615873106939747	0.5381426202321725	0.5310965630114566	0.50703125
5610	655	0.9732540861812778	0.1220876048472368	0.12140871177015755	0.12332893993598193	0.12931885488647582
5640	661	0.9821693907875185	0.07958701443380434	0.07855020796197267	0.07886887006323828	0.0798502053636144
5670	663	0.9851411589895989	0.1783696529480988	0.1762360446570973	0.17836965294592413	0.18509212730318259
5700	663	0.9851411589895989	0.2755610927948821	0.2767111853088481	0.2858990944372574	0.3163167938931298
5730	664	0.986627043090639	0.343440874128181	0.3419155509783728	0.3503957783641161	0.3724060572069546
5760	665	0.9881129271916791	0.3960101162160937	0.39002932551319647	0.39489311163895485	0.40425531914893614
5790	665	0.9881129271916791	0.4507252270726942	0.4505420054200542	0.4640614096301465	0.5018867924528302
5820	666	0.9895988112927192	0.49682954319497524	0.5030211480362538	0.524822695035461	0.5914742451154529
5850	667	0.9910846953937593	0.5162332740434102	0.49739000745712153	0.4933431952662722	0.47882268485283563
5880	667	0.9910846953937593	0.5523033587650958	0.540080971659919	0.5449346405228758	0.5614478114478114
5910	667	0.9910846953937593	0.5834395167943375	0.5779896013864818	0.5913120567375887	0.6382775119617224
5940	667	0.9910846953937593	0.6105893046819565	0.611365719523373	0.6328273244781784	0.7058201058201058
5970	667	0.9910846953937593	0.6344721870787212	0.641963426371511	0.6710261569416499	0.7640320733104238
6000	667	0.9910846953937593	0.6556443986356787	0.6690070210631895	0.7043294614572334	0.8134146341463414
6030	668	0.9925705794947994	0.6278661356947827	0.6295947219604147	0.6454106280193237	0.6613861386138614
6060	670	0.9955423476968797	0.5722216422318745	0.5447154471544715	0.5304829770387965	0.4728299223712068
6090	670	0.9955423476968797	0.6010765550516983	0.5805892547660312	0.5756013745704467	0.5518945634266886
6120	671	0.9970282317979198	0.6137840850086472	0.5804498269896193	0.5657672849915683	0.5329626687847498
6150	671	0.9970282317979198	0.6375894981155776	0.6116681859617138	0.6061427280939476	0.6077898550724637
6180	672	0.9985141158989599	0.4795446832013292	0.47424135497529996	0.4824120603015075	0.4981467753891772
6210	672	0.9985141158989599	0.5218310197622079	0.5229571984435798	0.5397590361445783	0.5843478260869566
6240	672	0.9985141158989599	0.5578458136863863	0.5651808242220353	0.5899912203687445	0.6620689655172414
6270	672	0.9985141158989599	0.5888879688928733	0.6026905829596413	0.6351606805293005	0.7288503253796096
6300	672	0.9985141158989599	0.6159208562511995	0.6357615894039735	0.6746987951807228	0.7850467289719626
6330	672	0.9985141158989599	0.6396740514698036	0.6646884272997032	0.7096092925026399	0.830655129789864
6360	672	0.9985141158989599	0.6607103117079166	0.691358024691358	0.74090407938258	0.8682170542635659
6390	672	0.9985141158989599	0.6794705608921837	0.7148936170212766	0.7688787185354691	0.897196261682243
6420	672	0.9985141158989599	0.6963051875475059	0.7360350492880613	0.7933884297520661	0.9205479452054794
6450	672	0.9985141158989599	0.7114962381801457	0.755056179775281	0.8155339805825242	0.9385474860335196
6480	672	0.9985141158989599	0.7252731916716552	0.7724137931034483	0.8347826086956521	0.9518413597733711
6510	672	0.9985141158989599	0.7378247229813911	0.7887323943661971	0.8527918781725888	0.9627507163323782
6540	672	0.9985141158989599	0.7493073554806962	0.8028673835125448	0.8682170542635659	0.9710982658959537
6570	672	0.9985141158989599	0.7598520405097551	0.8165249088699879	0.8818897637795275	0.9767441860465116
6600	672	0.9985141158989599	0.7695692420552078	0.8286066584463625	0.8936170212765957	0.9824561403508771
6630	672	0.9985141158989599	0.7785526673764751	0.84	0.9044414535666218	0.9853372434017595
6660	672	0.9985141158989599	0.7868824004769533	0.850632911392405	0.9142857142857143	0.9882352941176471
6690	672	0.9985141158989599	0.7946272553582475	0.8593350383631714	0.9230769230769231	0.9911504424778761
6720	672	0.9985141158989599	0.8018467859697005	0.8682170542635659	0.9307479224376731	0.9926144756277696
6750	672	0.9985141158989599	0.808592674243609	0.8772845953002611	0.9385474860335196	0.9940828402366864
6780	672	0.9985141158989599	0.8149100502389245	0.8842105263157894	0.9438202247191011	0.9955555555555555
6810	672	0.9985141158989599	0.8208384869574936	0.8912466843501327	0.9504950495049505	0.9955555555555555
6840	673	1.0	0.8208441967949532	0.8401997503121099	0.8349875930521092	0.7315217391304348
6870	673	1.0	0.8262466376219589	0.8486759142496847	0.8497474747474747	0.7834691501746216
6900	673	1.0	0.8313328348181196	0.8573248407643312	0.8639281129653402	0.8277982779827798
6930	673	1.0	0.8361296539152119	0.8650385604113111	0.877444589308996	0.8639281129653402
6960	673	1.0	0.8406611793635335	0.8728923476005188	0.8890356671070013	0.8925729442970822
6990	673	1.0	0.8449488938976646	0.8797385620915033	0.8997326203208557	0.9168937329700273
7020	673	1.0	0.8490118480714781	0.8866930171277997	0.9094594594594595	0.9347222222222222
7050	673	1.0	0.8528673644929631	0.8925729442970822	0.9181446111869032	0.9492242595204513
7080	673	1.0	0.8565308169174407	0.8985313751668892	0.9257221458046767	0.9600570613409415
7110	673	1.0	0.8600162924816056	0.9045698924731183	0.9334257975034674	0.9683453237410072
7140	673	1.0	0.86333643816641	0.9094594594594595	0.9399441340782123	0.9753623188405797
7170	673	1.0	0.8665027237062213	0.9144021739130435	0.9452247191011236	0.9810495626822158
7200	673	1.0	0.8695256643784058	0.9193989071038251	0.9505649717514124	0.9853587115666179
7230	673	1.0	0.8724146516172151	0.9231824417009602	0.9546099290780142	0.9882525697503671
7260	673	1.0	0.8751785118415675	0.9269972451790633	0.9600570613409415	0.9897058823529412
7290	673	1.0	0.8778251681412784	0.9308437067773168	0.9628040057224606	0.9926253687315634
7320	673	1.0	0.8803618934605502	0.9347222222222222	0.9669540229885057	0.9940915805022157
7350	673	1.0	0.8827954595141397	0.9386331938633193	0.9697406340057637	0.9955621301775148
7380	673	1.0	0.8851319395883808	0.9412587412587412	0.9725433526011561	0.9955621301775148
7410	673	1.0	0.8873771614428657	0.9452247191011236	0.9753623188405797	0.997037037037037
7440	673	1.0	0.8895362583333132	0.9478873239436619	0.97677793904209	0.997037037037037
7470	673	1.0	0.8916141282816817	0.9505649717514124	0.9796215429403202	0.997037037037037
7500	673	1.0	0.8936152206932129	0.953257790368272	0.9810495626822158	0.9985163204747775
7530	673	1.0	0.8955438249738298	0.9546099290780142	0.9824817518248176	0.9985163204747775
7560	673	1.0	0.8974038039356018	0.957325746799431	0.9839181286549707	0.9985163204747775
7590	673	1.0	0.8991985970032487	0.9600570613409415	0.9853587115666179	0.9985163204747775
7620	673	1.0	0.9009317111949888	0.9614285714285714	0.9868035190615836	0.9985163204747775
7650	673	1.0	0.9026062365767863	0.9641833810888252	0.9882525697503671	0.9985163204747775
7680	673	1.0	0.9042250947570235	0.9655667144906743	0.9897058823529412	1.0
7710	673	1.0	0.9057910161548753	0.9669540229885057	0.9897058823529412	1.0
7740	673	1.0	0.9073065557315189	0.9683453237410072	0.9911634756995582	1.0
7770	673	1.0	0.9087741062899922	0.9697406340057637	0.9911634756995582	1.0
7800	673	1.0	0.9101959116931608	0.9711399711399712	0.9926253687315634	1.0
7830	673	1.0	0.9115740780066686	0.9725433526011561	0.9926253687315634	1.0
7860	673	1.0	0.9129105839074286	0.9739507959479016	0.9940915805022157	1.0
7890	673	1.0	0.9142073071351189	0.9753623188405797	0.9940915805022157	1.0
7920	673	1.0	0.9154659491932866	0.97677793904209	0.9940915805022157	1.0
7950	673	1.0	0.9166882415720462	0.9781976744186046	0.9955621301775148	1.0
7980	673	1.0	0.9178756306602344	0.9796215429403202	0.9955621301775148	1.0
8010	673	1.0	0.9190296786250465	0.9796215429403202	0.9955621301775148	1.0
8040	673	1.0	0.9201517416114882	0.9810495626822158	0.9955621301775148	1.0
8070	673	1.0	0.9212431294572764	0.9824817518248176	0.997037037037037	1.0
8100	673	1.0	0.9223050882506422	0.9824817518248176	0.997037037037037	1.0
8130	673	1.0	0.9233387874039597	0.9839181286549707	0.997037037037037	1.0
8160	673	1.0	0.9243452990938156	0.9839181286549707	0.997037037037037	1.0
8190	673	1.0	0.9253258070317724	0.9853587115666179	0.997037037037037	1.0
8220	673	1.0	0.926281184101949	0.9853587115666179	0.997037037037037	1.0
8250	673	1.0	0.9272124239116969	0.9868035190615836	0.997037037037037	1.0
8280	673	1.0	0.928120429778616	0.9868035190615836	0.9985163204747775	1.0
8310	673	1.0	0.9290060223958496	0.9868035190615836	0.9985163204747775	1.0
8340	673	1.0	0.9298701529244359	0.9882525697503671	0.9985163204747775	1.0
8370	673	1.0	0.9307134251686714	0.9882525697503671	0.9985163204747775	1.0
8400	673	1.0	0.9315366775386115	0.9897058823529412	0.9985163204747775	1.0
8430	673	1.0	0.9323405960494835	0.9897058823529412	0.9985163204747775	1.0
8460	673	1.0	0.9331258539983983	0.9897058823529412	0.9985163204747775	1.0
8490	673	1.0	0.933893093659695	0.9911634756995582	0.9985163204747775	1.0
8520	673	1.0	0.9346429280352848	0.9911634756995582	0.9985163204747775	1.0
8550	673	1.0	0.9353759428171186	0.9911634756995582	0.9985163204747775	1.0
8580	673	1.0	0.9360926975875011	0.9911634756995582	0.9985163204747775	1.0
8610	673	1.0	0.9367937275646111	0.9926253687315634	0.9985163204747775	1.0
8640	673	1.0	0.937479579344578	0.9926253687315634	0.9985163204747775	1.0
8670	673	1.0	0.9381506384962537	0.9926253687315634	0.9985163204747775	1.0
8700	673	1.0	0.9388074783505983	0.9926253687315634	0.9985163204747775	nan
8730	673	1.0	0.9394505086089353	0.9926253687315634	0.9985163204747775	nan
8760	673	1.0	0.9400801747330578	0.9940915805022157	1.0	nan
8790	673	1.0	0.9406968752475823	0.9940915805022157	1.0	1.0
8820	673	1.0	0.9413010100599727	0.9940915805022157	1.0	1.0
8850	673	1.0	0.9418929604406487	0.9940915805022157	1.0	1.0
8880	673	1.0	0.9424730517104472	0.9940915805022157	1.0	nan
8910	673	1.0	0.9430417521484931	0.9940915805022157	1.0	1.0
8940	673	1.0	0.9435992838561256	0.9955621301775148	1.0	nan
8970	673	1.0	0.9441460166721896	0.9955621301775148	1.0	nan
9000	673	1.0	0.9446822230107903	0.9955621301775148	1.0	1.0
9030	673	1.0	0.9452082473469783	0.9955621301775148	1.0	nan
9060	673	1.0	0.945724361843403	0.9955621301775148	1.0	nan
9090	673	1.0	0.9462308909981172	0.9955621301775148	1.0	1.0
9120	673	1.0	0.9467279224854506	0.9955621301775148	1.0	1.0
9150	673	1.0	0.9472159697140312	0.9955621301775148	1.0	nan
9180	673	1.0	0.9476951188323256	0.9955621301775148	1.0	nan
9210	673	1.0	0.948165646246883	0.997037037037037	1.0	1.0
9240	673	1.0	0.9486277393420189	0.997037037037037	1.0	1.0
9270	673	1.0	0.9490817558751348	0.997037037037037	1.0	nan
9300	673	1.0	0.9495277733488452	0.997037037037037	1.0	nan
9330	673	1.0	0.9499660448448672	0.997037037037037	1.0	1.0
9360	673	1.0	0.9503967704736961	0.997037037037037	1.0	nan
9390	673	1.0	0.9508201433861817	0.997037037037037	1.0	nan
9420	673	1.0	0.9512363503907106	0.997037037037037	1.0	1.0
9450	673	1.0	0.9516455718981585	0.997037037037037	1.0	1.0
9480	673	1.0	0.9520479821764736	0.997037037037037	1.0	nan
9510	673	1.0	0.95244375032481	0.997037037037037	1.0	1.0
9540	673	1.0	0.9528330383082084	0.997037037037037	1.0	nan
9570	673	1.0	0.9532160051118531	0.997037037037037	1.0	1.0
9600	673	1.0	0.9535928475164331	0.9985163204747775	1.0	nan
9630	673	1.0	0.9539635243414853	0.9985163204747775	1.0	nan
9660	673	1.0	0.9543285254147184	0.9985163204747775	1.0	1.0
9690	673	1.0	0.9546876394356804	0.9985163204747775	1.0	1.0
9720	673	1.0	0.9550411580768455	0.9985163204747775	1.0	nan
9750	673	1.0	0.9553892754710647	0.9985163204747775	1.0	nan
9780	673	1.0	0.9557320329037993	0.9985163204747775	1.0	1.0
9810	673	1.0	0.9560695139681825	0.9985163204747775	1.0	nan
9840	673	1.0	0.9564018777605704	0.9985163204747775	1.0	1.0
9870	673	1.0	0.9567293190544028	0.9985163204747775	1.0	nan
9900	673	1.0	0.9570517820655838	0.9985163204747775	1.0	nan
9930	673	1.0	0.9573695696721742	0.9985163204747775	1.0	1.0
9960	673	1.0	0.9576827250229588	0.9985163204747775	1.0	nan
9990	673	1.0	0.9579912392795255	0.9985163204747775	1.0	1.0
10020	673	1.0	0.9582952220170095	0.9985163204747775	1.0	nan
10050	673	1.0	0.9585949003496009	0.9985163204747775	1.0	nan
10080	673	1.0	0.958890352314742	0.9985163204747775	1.0	nan
10110	673	1.0	0.9591815754803577	0.9985163204747775	1.0	nan
10140	673	1.0	0.9594687015177532	0.9985163204747775	1.0	nan
10170	673	1.0	0.9597518164859034	0.9985163204747775	1.0	nan
10200	673	1.0	0.9600310036553442	0.9985163204747775	1.0	nan
10230	673	1.0	0.960306401123591	0.9985163204747775	1.0	nan
10260	673	1.0	0.9605779172641108	0.9985163204747775	1.0	nan
10290	673	1.0	0.9608457993922596	0.9985163204747775	1.0	nan
10320	673	1.0	0.96111006558644	0.9985163204747775	1.0	nan
10350	673	1.0	0.9613708050003498	0.9985163204747775	1.0	nan
10380	673	1.0	0.9616280385969791	0.9985163204747775	1.0	nan
10410	673	1.0	0.9618818851919653	0.9985163204747775	1.0	nan
10440	673	1.0	0.9621323952544779	0.9985163204747775	1.0	nan
10470	673	1.0	0.9623796341406221	0.9985163204747775	1.0	nan
10500	673	1.0	0.9626236659001002	0.9985163204747775	1.0	nan
10530	673	1.0	0.9628646052796951	0.9985163204747775	1.0	nan
10560	673	1.0	0.9631023521508464	0.9985163204747775	1.0	nan
10590	673	1.0	0.9633371267477274	1.0	1.0	nan
10620	673	1.0	0.9635689325609655	1.0	1.0	nan
10650	673	1.0	0.9637978254733285	1.0	1.0	nan
10680	673	1.0	0.9640238522575494	1.0	1.0	nan
10710	673	1.0	0.9642470899128366	1.0	1.0	nan
10740	673	1.0	0.9644675663980797	1.0	1.0	nan
10770	673	1.0	0.9646853584855482	1.0	1.0	nan
10800	673	1.0	0.9649004611157151	1.0	1.0	nan
10830	673	1.0	0.9651129516056166	1.0	1.0	nan
10860	673	1.0	0.9653229295884991	1.0	1.0	nan
10890	673	1.0	0.9655303581178614	1.0	1.0	nan
10920	673	1.0	0.9657353596865896	1.0	1.0	nan
10950	673	1.0	0.9659379111145917	1.0	1.0	nan
10980	673	1.0	0.9661380302554275	1.0	1.0	nan
11010	673	1.0	0.9663359467769757	1.0	1.0	nan
11040	673	1.0	0.9665314615329201	1.0	1.0	nan
11070	673	1.0	0.9667246815670513	1.0	1.0	nan
11100	673	1.0	0.966915799920536	1.0	1.0	nan
11130	673	1.0	0.9671046950122917	1.0	1.0	nan
11160	673	1.0	0.9672914105910557	1.0	1.0	nan
11190	673	1.0	0.9674760358913406	1.0	1.0	nan
11220	673	1.0	0.9676585886370007	1.0	1.0	nan
11250	673	1.0	0.9678391035321404	1.0	1.0	nan
11280	673	1.0	0.968017657018265	1.0	nan	nan
11310	673	1.0	0.9681941546796476	1.0	nan	nan
11340	673	1.0	0.968368756716818	1.0	nan	nan
11370	673	1.0	0.9685414521520739	1.0	nan	nan
11400	673	1.0	0.9687122721156738	1.0	1.0	nan
11430	673	1.0	0.9688812014331538	1.0	nan	nan
11460	673	1.0	0.9690484349749344	1.0	nan	nan
11490	673	1.0	0.9692137797874556	1.0	1.0	nan
11520	673	1.0	0.9693773874223436	1.0	nan	nan
11550	673	1.0	0.9695392808736613	1.0	1.0	nan
11580	673	1.0	0.9696994179882042	1.0	1.0	nan
11610	673	1.0	0.9698579709639752	1.0	1.0	nan
11640	673	1.0	0.9700148282711752	1.0	1.0	nan
11670	673	1.0	0.9701700154607358	1.0	nan	nan
11700	673	1.0	0.970323695888695	1.0	1.0	nan
11730	673	1.0	0.9704757557289371	1.0	nan	nan
11760	673	1.0	0.9706262652190975	1.0	nan	nan
11790	673	1.0	0.9707752479475518	1.0	nan	1.0
11820	673	1.0	0.9709227809342706	1.0	1.0	nan
11850	673	1.0	0.9710687251227491	1.0	nan	nan
11880	673	1.0	0.97121326441436	1.0	nan	nan
11910	673	1.0	0.9713563666597379	1.0	1.0	nan
11940	673	1.0	0.9714980531904908	1.0	1.0	nan
11970	673	1.0	0.9716382921996919	1.0	nan	nan
12000	673	1.0	0.9717772883144918	1.0	nan	nan
12030	673	1.0	0.9719148254751709	1.0	nan	1.0
12060	673	1.0	0.9720510541393417	1.0	nan	1.0
12090	673	1.0	0.9721859948310745	1.0	nan	nan
12120	673	1.0	0.9723195470213744	1.0	1.0	nan
12150	673	1.0	0.9724519244369009	1.0	1.0	1.0
12180	673	1.0	0.9725829843581573	1.0	nan	nan
12210	673	1.0	0.9727128432239474	1.0	1.0	1.0
12240	673	1.0	0.9728414580140795	1.0	nan	1.0
12270	673	1.0	0.9729688373941512	1.0	nan	1.0
12300	673	1.0	0.9730950841517997	1.0	1.0	1.0
12330	673	1.0	0.9732201290691901	1.0	1.0	1.0
12360	673	1.0	0.9733440169594519	1.0	nan	1.0
12390	673	1.0	0.97346677918057	1.0	nan	1.0
12420	673	1.0	0.973588385655101	1.0	nan	1.0
12450	673	1.0	0.9737088974822814	1.0	nan	1.0
12480	673	1.0	0.9738282950226808	1.0	nan	1.0
12510	673	1.0	0.9739466610100064	1.0	1.0	nan
12540	673	1.0	0.9740639236350876	1.0	1.0	1.0
12570	673	1.0	0.9741801789629022	1.0	nan	1.0
12600	673	1.0	0.974295329735916	1.0	nan	1.0
12630	673	1.0	0.9744094891605763	1.0	1.0	1.0
12660	673	1.0	0.9745226403950794	1.0	nan	1.0
12690	673	1.0	0.9746347954155903	1.0	nan	nan
12720	673	1.0	0.9747459672457276	1.0	nan	1.0
12750	673	1.0	0.974856168971641	1.0	nan	1.0
12780	673	1.0	0.9749654769399625	1.0	nan	1.0
12810	673	1.0	0.9750737119066218	1.0	1.0	1.0
12840	673	1.0	0.9751811384265884	1.0	nan	1.0
12870	673	1.0	0.975287522721621	1.0	1.0	1.0
12900	673	1.0	0.9753930704789588	1.0	nan	1.0
12930	673	1.0	0.9754976968525864	1.0	1.0	1.0
12960	673	1.0	0.9756014170787933	1.0	nan	1.0
12990	673	1.0	0.9757043260992768	1.0	nan	1.0
13020	673	1.0	0.975806296431703	1.0	1.0	nan
13050	673	1.0	0.9759074802389145	1.0	1.0	1.0
13080	673	1.0	0.9760078264092051	1.0	nan	1.0
13110	673	1.0	0.9761073341768924	1.0	nan	1.0
13140	673	1.0	0.9762059669982079	1.0	1.0	1.0
13170	673	1.0	0.9763038326868211	1.0	1.0	1.0
13200	673	1.0	0.9764008706449233	1.0	1.0	1.0
13230	673	1.0	0.9764971299688657	1.0	1.0	1.0
13260	673	1.0	0.9765926072097286	1.0	1.0	1.0
13290	673	1.0	0.9766873118667289	1.0	nan	1.0
13320	673	1.0	0.9767812531994912	1.0	1.0	1.0
13350	673	1.0	0.976874384452992	1.0	1.0	1.0
13380	673	1.0	0.9769669389824494	1.0	1.0	1.0
13410	673	1.0	0.9770585891645092	1.0	nan	1.0
13440	673	1.0	0.9771495680191564	1.0	1.0	1.0
13470	673	1.0	0.9772398281329897	1.0	1.0	1.0
13500	673	1.0	0.977329377991387	1.0	nan	1.0
13530	673	1.0	0.9774182259466029	1.0	1.0	1.0
13560	673	1.0	0.977506380376939	1.0	nan	1.0
13590	673	1.0	0.9775938488817755	1.0	1.0	1.0
13620	673	1.0	0.9776805560536209	1.0	1.0	1.0
13650	673	1.0	0.9777667378253766	1.0	nan	1.0
13680	673	1.0	0.9778522203275146	1.0	1.0	1.0
13710	673	1.0	0.9779370251537229	1.0	1.0	1.0
13740	673	1.0	0.9780211828678974	1.0	1.0	1.0
13770	673	1.0	0.9781047171693983	1.0	nan	1.0
13800	673	1.0	0.9781876465542115	1.0	nan	1.0
13830	673	1.0	0.9782698477190604	1.0	1.0	1.0
13860	673	1.0	0.9783514902180094	1.0	1.0	1.0
13890	673	1.0	0.9784325216830698	1.0	nan	1.0
13920	673	1.0	0.9785129487338639	1.0	nan	1.0
13950	673	1.0	0.9785927605291093	1.0	nan	1.0
13980	673	1.0	0.9786720167934367	1.0	1.0	1.0
14010	673	1.0	0.978750655896748	1.0	nan	1.0
14040	673	1.0	0.9788287466788145	1.0	1.0	1.0
14070	673	1.0	0.9789062572508566	1.0	1.0	1.0
14100	673	1.0	0.9789831509776966	1.0	1.0	1.0
14130	673	1.0	0.9790595698238859	1.0	1.0	1.0
14160	673	1.0	0.9791354507990164	1.0	1.0	1.0
14190	673	1.0	0.9792106931590001	1.0	1.0	1.0
14220	673	1.0	0.9792854113504007	1.0	nan	1.0
14250	673	1.0	0.9793596468618152	1.0	1.0	1.0
14280	673	1.0	0.9794332897667949	1.0	1.0	1.0
14310	673	1.0	0.9795064388055166	1.0	nan	1.0
14340	673	1.0	0.9795790839147611	1.0	1.0	1.0
14370	673	1.0	0.9796511867621384	1.0	1.0	1.0
14400	673	1.0	0.9797227965895122	1.0	1.0	1.0
14430	673	1.0	0.9797939043250924	1.0	1.0	1.0
14460	673	1.0	0.979864515012803	1.0	1.0	1.0
14490	673	1.0	0.9799346422822109	1.0	nan	1.0
14520	673	1.0	0.9800042661510594	1.0	1.0	1.0
14550	673	1.0	0.9800734167788204	1.0	1.0	1.0
14580	673	1.0	0.9801420907654164	1.0	nan	1.0
14610	673	1.0	0.9802102929611741	1.0	nan	1.0
14640	673	1.0	0.9802780826725386	1.0	nan	1.0
14670	673	1.0	0.9803452895605312	1.0	nan	1.0
14700	673	1.0	0.980412117606897	1.0	nan	1.0
14730	673	1.0	0.9804784807590654	1.0	1.0	1.0
14760	673	1.0	0.9805443957620048	1.0	nan	1.0
14790	673	1.0	0.9806098671325484	1.0	nan	1.0
14820	673	1.0	0.9806748993360018	1.0	1.0	1.0
14850	673	1.0	0.9807395571237637	1.0	1.0	1.0
14880	673	1.0	0.9808036062043927	1.0	nan	1.0
14910	673	1.0	0.9808674047009109	1.0	1.0	1.0
14940	673	1.0	0.9809307236996297	1.0	nan	1.0
14970	673	1.0	0.9809935721826984	1.0	1.0	1.0
15000	673	1.0	0.9810561126413353	1.0	1.0	1.0
15030	673	1.0	0.9811181495791147	1.0	1.0	1.0
15060	673	1.0	0.9811798633796394	1.0	nan	1.0
15090	673	1.0	0.9812411464421185	1.0	1.0	1.0
15120	673	1.0	0.9813020077338742	1.0	1.0	1.0
15150	673	1.0	0.9813624874028951	1.0	1.0	1.0
15180	673	1.0	0.9814225770086804	1.0	nan	1.0
15210	673	1.0	0.981482280386019	1.0	1.0	1.0
15240	673	1.0	0.9815416012437381	1.0	1.0	1.0
15270	673	1.0	0.9816005431821555	1.0	nan	1.0
15300	673	1.0	0.9816590949477193	nan	nan	1.0
15330	673	1.0	0.9817173051508121	nan	1.0	1.0
15360	673	1.0	0.9817751321343418	nan	nan	1.0
15390	673	1.0	0.9818325944628774	1.0	1.0	1.0
15420	673	1.0	0.9818897456511431	1.0	nan	1.0
15450	673	1.0	0.9819464387997461	nan	nan	1.0
15480	673	1.0	0.9820028277064354	nan	1.0	1.0
15510	673	1.0	0.9820588919625598	1.0	1.0	1.0
15540	673	1.0	0.9821145417642956	1.0	nan	1.0
15570	673	1.0	0.9821699491936748	nan	1.0	1.0
15600	673	1.0	0.982224903972434	1.0	1.0	1.0
15630	673	1.0	0.9822795406407351	nan	1.0	1.0
15660	673	1.0	0.9823338482358548	nan	1.0	1.0
15690	673	1.0	0.9823879131823687	nan	nan	1.0
15720	673	1.0	0.9824415664184849	1.0	nan	1.0
15750	673	1.0	0.9824949092532541	1.0	nan	1.0
15780	673	1.0	0.9825479289517177	1.0	1.0	1.0
15810	673	1.0	0.9826006269168523	1.0	1.0	1.0
15840	673	1.0	0.9826529804687345	nan	1.0	1.0
15870	673	1.0	0.9827050783633963	nan	1.0	1.0
15900	673	1.0	0.9827568344623467	1.0	nan	1.0
15930	673	1.0	0.9828082817165186	nan	1.0	1.0
15960	673	1.0	0.9828594228089796	1.0	nan	1.0
15990	673	1.0	0.9829102606910824	1.0	nan	1.0
16020	673	1.0	0.9829607978296236	nan	1.0	1.0
16050	673	1.0	0.9830110369545166	nan	nan	1.0
16080	673	1.0	0.9830609806902835	1.0	nan	1.0
16110	673	1.0	0.9831106316458744	nan	nan	1.0
16140	673	1.0	0.9831600148948952	nan	1.0	1.0
16170	673	1.0	0.9832090654375377	nan	1.0	1.0
16200	673	1.0	0.9832578736456304	1.0	1.0	1.0
16230	673	1.0	0.9833063122555444	nan	nan	1.0
16260	673	1.0	0.9833545834355123	nan	nan	1.0
16290	673	1.0	0.9834025305510569	nan	nan	1.0
16320	673	1.0	0.9834502022367538	1.0	1.0	nan
16350	673	1.0	0.9834976008532741	nan	nan	1.0
16380	673	1.0	0.9835447287562588	1.0	nan	1.0
16410	673	1.0	0.9835915614189643	1.0	1.0	1.0
16440	673	1.0	0.9836381816033731	nan	nan	nan
16470	673	1.0	0.9836845110964446	1.0	1.0	1.0
16500	673	1.0	0.9837305790115575	nan	1.0	nan
16530	673	1.0	0.983776376637908	nan	nan	nan
16560	673	1.0	0.9838219991222414	1.0	1.0	nan
16590	673	1.0	0.9838672518482572	nan	1.0	nan
16620	673	1.0	0.9839122595363695	nan	nan	nan
16650	673	1.0	0.9839570703646062	1.0	1.0	nan
16680	673	1.0	0.9840016140127232	1.0	nan	nan
16710	673	1.0	0.9840459109895996	1.0	nan	nan
16740	673	1.0	0.9840899611988503	1.0	nan	nan
16770	673	1.0	0.9841337417402126	nan	1.0	nan
16800	673	1.0	0.9841773422388582	1.0	1.0	nan
16830	673	1.0	0.9842206727536688	1.0	nan	nan
16860	673	1.0	0.9842637665951499	1.0	1.0	1.0
16890	673	1.0	0.9843066257379433	nan	nan	nan
16920	673	1.0	0.9843492519648953	nan	nan	nan
16950	673	1.0	0.9843916473000738	nan	nan	nan
16980	673	1.0	0.9844338245824836	1.0	nan	nan
17010	673	1.0	0.9844757526351513	1.0	1.0	nan
17040	673	1.0	0.9845174663655822	1.0	1.0	nan
17070	673	1.0	0.9845589027606361	1.0	1.0	nan
17100	673	1.0	0.9846002247642737	nan	1.0	nan
17130	673	1.0	0.9846413068940799	nan	nan	1.0
17160	673	1.0	0.984682139540903	1.0	1.0	nan
17190	673	1.0	0.9847227258227761	nan	1.0	1.0
17220	673	1.0	0.9847630656220344	1.0	1.0	nan
17250	673	1.0	0.9848033012679197	1.0	nan	1.0
17280	673	1.0	0.9848432554275306	nan	nan	nan
17310	673	1.0	0.9848830400177241	nan	1.0	nan
17340	673	1.0	0.9849225837981079	1.0	nan	nan
17370	673	1.0	0.984961946419853	nan	nan	1.0
17400	673	1.0	0.9850010501714189	1.0	1.0	nan
17430	673	1.0	0.9850400332726506	nan	nan	nan
17460	673	1.0	0.9850787734005205	1.0	nan	nan
17490	673	1.0	0.9851173134157271	nan	nan	nan
17520	673	1.0	0.9851556548385453	1.0	1.0	nan
17550	673	1.0	0.9851937992264453	nan	1.0	nan
17580	673	1.0	0.98523174808069	nan	1.0	1.0
17610	673	1.0	0.9852695029007827	nan	nan	nan
17640	673	1.0	0.9853070387479737	nan	1.0	nan
17670	673	1.0	0.9853444363759908	1.0	nan	1.0
17700	673	1.0	0.9853816179470877	nan	nan	1.0
17730	673	1.0	0.9854186113350007	1.0	1.0	nan
17760	673	1.0	0.9854554180117486	1.0	1.0	nan
17790	673	1.0	0.9854920392940505	1.0	nan	1.0
17820	673	1.0	0.9855284765806261	nan	1.0	nan
17850	673	1.0	0.9855646764572068	1.0	nan	nan
17880	673	1.0	0.9856008314370959	nan	1.0	1.0
17910	673	1.0	0.9856366986171419	1.0	1.0	nan
17940	673	1.0	0.9856724138286859	1.0	1.0	nan
17970	673	1.0	0.9857079518666777	1.0	1.0	1.0
18000	673	1.0	0.9857433140388489	nan	1.0	1.0
18030	673	1.0	0.9857785178250624	1.0	1.0	nan
18060	673	1.0	0.985813516012928	1.0	nan	nan
18090	673	1.0	0.98584835865561	nan	nan	nan
18120	673	1.0	0.9858830300401642	nan	1.0	nan
18150	673	1.0	0.985917583374932	1.0	1.0	nan
18180	673	1.0	0.9859518660666587	nan	nan	nan
18210	673	1.0	0.9859860666120968	nan	nan	nan
18240	673	1.0	0.9860200340864665	1.0	1.0	1.0
18270	673	1.0	0.9860538706046604	1.0	1.0	nan
18300	673	1.0	0.986087543654823	nan	1.0	nan
18330	673	1.0	0.9861210577410054	nan	1.0	nan
18360	673	1.0	0.986154404547452	1.0	nan	nan
18390	673	1.0	0.9861875944757275	nan	nan	nan
18420	673	1.0	0.9862206257050602	1.0	1.0	nan
18450	673	1.0	0.9862534551231742	1.0	1.0	nan
18480	673	1.0	0.9862862780080779	1.0	1.0	nan
18510	673	1.0	0.9863187782479828	1.0	nan	nan
18540	673	1.0	0.9863511788406227	nan	nan	nan
18570	673	1.0	0.9863834401141341	1.0	nan	nan
18600	673	1.0	0.986415542369918	1.0	1.0	nan
18630	673	1.0	0.9864474936264557	1.0	nan	nan
18660	673	1.0	0.9864792513099031	nan	nan	nan
18690	673	1.0	0.9865109473328777	nan	nan	nan
18720	673	1.0	0.9865424225729705	nan	nan	nan
18750	673	1.0	0.9865738096199991	1.0	nan	nan
18780	673	1.0	0.9866049752385881	nan	1.0	nan
18810	673	1.0	0.9866360887133403	nan	1.0	nan
18840	673	1.0	0.9866670341650897	1.0	nan	nan
18870	673	1.0	0.9866977927038891	nan	1.0	nan
18900	673	1.0	0.9867284738928355	1.0	nan	nan
18930	673	1.0	0.9867589295505272	nan	nan	nan
18960	673	1.0	0.9867892943060381	nan	nan	nan
18990	673	1.0	0.9868195191959693	nan	nan	nan
19020	673	1.0	0.9868495882811932	nan	1.0	nan
19050	673	1.0	0.9868794728795464	1.0	nan	nan
19080	673	1.0	0.9869093407567768	nan	nan	nan
19110	673	1.0	0.9869390573473253	nan	nan	nan
19140	673	1.0	0.986968552880366	1.0	nan	nan
19170	673	1.0	0.9869978963387158	nan	nan	nan
19200	673	1.0	0.98702723172917	1.0	nan	nan
19230	673	1.0	0.9870563658163808	nan	1.0	nan
19260	673	1.0	0.9870853843317694	1.0	nan	nan
19290	673	1.0	0.9871142657019649	nan	1.0	nan
19320	673	1.0	0.9871430180977914	1.0	1.0	nan
19350	673	1.0	0.9871716939606733	1.0	nan	nan
19380	673	1.0	0.9872001850413287	1.0	nan	nan
19410	673	1.0	0.9872285105969348	1.0	1.0	nan
19440	673	1.0	0.9872567956694653	1.0	nan	nan
19470	673	1.0	0.9872848766588761	nan	1.0	nan
19500	673	1.0	0.9873128735456081	1.0	nan	nan
19530	673	1.0	0.9873407474177318	1.0	1.0	nan
19560	673	1.0	0.9873685295091157	1.0	1.0	nan
19590	673	1.0	0.987396153022519	nan	nan	nan
19620	673	1.0	0.987423652490462	nan	1.0	nan
19650	673	1.0	0.9874510279652974	1.0	nan	nan
19680	673	1.0	0.9874782793699055	1.0	1.0	nan
19710	673	1.0	0.9875054520889284	nan	nan	nan
19740	673	1.0	0.9875325353756824	nan	1.0	nan
19770	673	1.0	0.9875594144098373	nan	1.0	nan
19800	673	1.0	0.9875861693630454	nan	1.0	nan
19830	673	1.0	0.9876128946377898	1.0	nan	nan
19860	673	1.0	0.9876394322318045	nan	1.0	nan
19890	673	1.0	0.9876658974991136	1.0	1.0	nan
19920	673	1.0	0.9876923239123145	1.0	1.0	nan
19950	673	1.0	0.9877185050649542	nan	1.0	nan
19980	673	1.0	0.987744626904204	nan	1.0	nan
20010	673	1.0	0.9877706377781075	nan	1.0	nan
20040	673	1.0	0.9877965386285835	1.0	1.0	nan
20070	673	1.0	0.9878223299291896	nan	1.0	nan
20100	673	1.0	0.9878480124341962	1.0	nan	nan
20130	673	1.0	0.9878735304697122	1.0	1.0	nan
20160	673	1.0	0.987899053829439	1.0	nan	nan
20190	673	1.0	0.9879244140807117	1.0	nan	nan
20220	673	1.0	0.9879496682518631	nan	nan	nan
20250	673	1.0	0.9879748440520938	nan	nan	nan
20280	673	1.0	0.9879998610743087	nan	1.0	nan
20310	673	1.0	0.9880247542424627	1.0	1.0	nan
20340	673	1.0	0.9880496374128175	nan	1.0	nan
20370	673	1.0	0.9880744179801546	nan	1.0	nan
20400	673	1.0	0.9880990632104388	1.0	nan	nan
20430	673	1.0	0.9881235838323935	1.0	1.0	nan
20460	673	1.0	0.9881479615217399	1.0	1.0	nan
20490	673	1.0	0.9881722515278938	nan	1.0	nan
20520	673	1.0	0.9881965193263865	1.0	1.0	nan
20550	673	1.0	0.9882206493381719	nan	1.0	nan
20580	673	1.0	0.9882446959008341	nan	nan	nan
20610	673	1.0	0.9882686145677155	1.0	nan	nan
20640	673	1.0	0.9882924509994578	nan	1.0	nan
20670	673	1.0	0.9883161907665273	nan	nan	1.0
20700	673	1.0	0.9883398344477118	nan	1.0	1.0
20730	673	1.0	0.9883633826335929	1.0	1.0	nan
20760	673	1.0	0.9883868358909191	1.0	1.0	nan
20790	673	1.0	0.9884102512085039	1.0	nan	nan
20820	673	1.0	0.9884334032484091	1.0	1.0	nan
20850	673	1.0	0.9884566318963451	1.0	nan	nan
20880	673	1.0	0.9884797104176657	1.0	1.0	nan
20910	673	1.0	0.9885026982664681	1.0	1.0	nan
20940	673	1.0	0.9885256443914548	1.0	1.0	1.0
20970	673	1.0	0.9885483984624527	1.0	1.0	1.0
21000	673	1.0	0.9885711125154067	nan	nan	1.0
21030	673	1.0	0.9885937352437426	1.0	1.0	nan
21060	673	1.0	0.9886162716084075	nan	1.0	1.0
21090	673	1.0	0.9886387175445118	1.0	nan	1.0
21120	673	1.0	0.9886610801018053	1.0	1.0	1.0
21150	673	1.0	0.9886833449236182	1.0	nan	nan
21180	673	1.0	0.9887055200669961	1.0	1.0	nan
21210	673	1.0	0.9887276230782202	1.0	nan	nan
21240	673	1.0	0.9887496324699013	1.0	1.0	nan
21270	673	1.0	0.9887715560860317	1.0	1.0	nan
21300	673	1.0	0.9887933944311887	nan	1.0	nan
21330	673	1.0	0.9888151480284714	1.0	1.0	1.0
21360	673	1.0	0.9888368172507356	1.0	nan	nan
21390	673	1.0	0.9888583840788894	nan	1.0	1.0
21420	673	1.0	0.9888799197828458	1.0	nan	1.0
21450	673	1.0	0.9889013241771165	nan	1.0	nan
21480	673	1.0	0.9889226611441858	nan	nan	nan
21510	673	1.0	0.9889439162164613	nan	nan	nan
21540	673	1.0	0.9889650898903822	nan	1.0	1.0
21570	673	1.0	0.9889861826060187	nan	nan	nan
21600	673	1.0	0.9890071947667929	nan	1.0	1.0
21630	673	1.0	0.9890281270649725	1.0	nan	1.0
21660	673	1.0	0.9890489797090377	nan	nan	1.0
21690	673	1.0	0.989069753254844	nan	nan	1.0
21720	673	1.0	0.989090448126256	1.0	1.0	nan
21750	673	1.0	0.9891110784791647	nan	1.0	1.0
21780	673	1.0	0.9891316171162261	nan	1.0	nan
21810	673	1.0	0.9891520652197194	nan	1.0	1.0
21840	673	1.0	0.9891724498618937	nan	nan	1.0
21870	673	1.0	0.9891927342263255	1.0	nan	nan
21900	673	1.0	0.9892129901062509	1.0	1.0	1.0
21930	673	1.0	0.9892331467143929	1.0	nan	1.0
21960	673	1.0	0.9892532280561067	nan	nan	1.0
21990	673	1.0	0.9892732688757577	1.0	1.0	1.0
22020	673	1.0	0.9892931668559457	1.0	1.0	nan
22050	673	1.0	0.9893130251411675	1.0	1.0	1.0
22080	673	1.0	0.989332764795439	nan	nan	1.0
22110	673	1.0	0.9893525215423459	nan	nan	nan
22140	673	1.0	0.9893721604617973	nan	1.0	1.0
22170	673	1.0	0.9893917632943214	1.0	1.0	1.0
22200	673	1.0	0.9894112217695571	1.0	1.0	nan
22230	673	1.0	0.9894306449441955	1.0	1.0	1.0
22260	673	1.0	0.9894500124262101	nan	nan	nan
22290	673	1.0	0.9894692783152478	nan	nan	1.0
22320	673	1.0	0.9894884893252038	nan	nan	nan
22350	673	1.0	0.9895076302783009	nan	1.0	nan
22380	673	1.0	0.9895266798372437	nan	1.0	1.0
22410	673	1.0	0.9895457039165297	nan	1.0	1.0
22440	673	1.0	0.9895646373038467	nan	1.0	1.0
22470	673	1.0	0.989583502233968	nan	1.0	1.0
22500	673	1.0	0.9896023499587767	nan	1.0	1.0
22530	673	1.0	0.9896210282041503	nan	1.0	nan
22560	673	1.0	0.9896396849796992	nan	nan	1.0
22590	673	1.0	0.9896582847710095	1.0	nan	nan
22620	673	1.0	0.9896768129270376	1.0	nan	nan
22650	673	1.0	0.9896952747427711	nan	nan	1.0
22680	673	1.0	0.9897137324011612	1.0	1.0	1.0
22710	673	1.0	0.989732001125178	1.0	1.0	nan
22740	673	1.0	0.9897502663934417	1.0	nan	nan
22770	673	1.0	0.9897684667721578	nan	nan	1.0
22800	673	1.0	0.9897866025302554	nan	nan	1.0
22830	673	1.0	0.9898046985903435	1.0	nan	1.0
22860	673	1.0	0.9898226819544054	nan	nan	1.0
22890	673	1.0	0.9898406262352616	nan	nan	1.0
22920	673	1.0	0.989858453459788	nan	nan	nan
22950	673	1.0	0.9898763256534789	nan	nan	1.0
22980	673	1.0	0.9898940814783376	nan	nan	1.0
23010	673	1.0	0.9899117750406737	nan	nan	nan
23040	673	1.0	0.9899294068113653	nan	1.0	nan
23070	673	1.0	0.9899469768450441	1.0	nan	nan
23100	673	1.0	0.9899644660471588	nan	nan	nan
23130	673	1.0	0.9899819342370513	nan	1.0	nan
23160	673	1.0	0.9899993036300703	1.0	1.0	1.0
23190	673	1.0	0.9900166491485324	nan	1.0	1.0
