cut_off	num_rel	true_recall	SWIFT	SWIFT+forget0.1	SWIFT+forget0.2	SWIFT+forget0.5
30	7	0.03365384615384615	0.012121212121290649	0.011345218800648298	0.011345218800648298	0.011363636363636364
60	13	0.0625	0.017023134002691356	0.016049382716049384	0.016049382716049384	0.015990159901599015
90	25	0.1201923076923077	0.018406714769573715	0.017618040873854827	0.017605633802816902	0.017568517217146872
120	36	0.17307692307692307	0.031802120141411226	0.030252100840336135	0.030176026823134954	0.029950083194675542
150	46	0.22115384615384615	0.06374501992060291	0.06036745406824147	0.06060606060606061	0.06141522029372497
180	57	0.27403846153846156	0.05075690115761355	0.04838709677419355	0.048305084745762714	0.04810126582278481
210	66	0.3173076923076923	0.11976549413811524	0.11205432937181664	0.11186440677966102	0.11073825503355705
240	77	0.3701923076923077	0.0942472460223685	0.08932714617169374	0.08932714617169374	0.08932714617169374
270	88	0.4230769230769231	0.09373335700363433	0.08961303462321792	0.09007164790174002	0.09157127991675339
300	96	0.46153846153846156	0.16026711185397396	0.15165876777251186	0.1523809523809524	0.15483870967741936
330	102	0.49038461538461536	0.1707112970711297	0.1619047619047619	0.16293929712460065	0.16639477977161501
360	105	0.5048076923076923	0.30085959885707514	0.2807486631016043	0.2807486631016043	0.28150134048257375
390	113	0.5432692307692307	0.20552248677369708	0.19382504288164665	0.19415807560137457	0.19516407599309155
420	122	0.5865384615384616	0.1884008236110295	0.1781021897810219	0.1783625730994152	0.17914831130690162
450	124	0.5961538461538461	0.3587270974000549	0.33604336043360433	0.33695652173913043	0.33879781420765026
480	129	0.6201923076923077	0.26801981780586526	0.251953125	0.251953125	0.25146198830409355
510	135	0.6490384615384616	0.2955433932780925	0.27835051546391754	0.27892561983471076	0.2818371607515658
540	138	0.6634615384615384	0.3954694323182752	0.3719676549865229	0.375	0.3812154696132597
570	138	0.6634615384615384	0.53287567882246	0.5073529411764706	0.5168539325842697	0.5476190476190477
600	142	0.6826923076923077	0.5300834431269166	0.49477351916376305	0.4930555555555556	0.4896551724137931
630	147	0.7067307692307693	0.29552688768520236	0.27893738140417457	0.28	0.2821497120921305
660	151	0.7259615384615384	0.38330595789459204	0.361244019138756	0.363855421686747	0.3700980392156863
690	160	0.7692307692307693	0.21642512077361084	0.20565552699228792	0.20618556701030927	0.20725388601036268
720	170	0.8173076923076923	0.23017408123860436	0.21963824289405684	0.22077922077922077	0.22457067371202113
750	178	0.8557692307692307	0.3131046613896218	0.2981574539363484	0.30016863406408095	0.306368330464716
780	183	0.8798076923076923	0.41749049429923624	0.3969631236442516	0.39956331877729256	0.40939597315436244
810	185	0.8894230769230769	0.551909304190757	0.5240793201133145	0.5270655270655271	0.5377906976744186
840	189	0.9086538461538461	0.45107398568311535	0.42567567567567566	0.42567567567567566	0.42663656884875845
870	192	0.9230769230769231	0.5395325073487139	0.512	0.5161290322580645	0.5274725274725275
900	195	0.9375	0.5986355884076293	0.5652173913043478	0.5635838150289018	0.5603448275862069
930	197	0.9471153846153846	0.5777832073653324	0.5487465181058496	0.5533707865168539	0.5644699140401146
960	201	0.9663461538461539	0.5432432432432432	0.5101522842639594	0.5075757575757576	0.4975247524752475
990	205	0.9855769230769231	0.4981017463962705	0.47235023041474655	0.47344110854503463	0.47674418604651164
1020	206	0.9903846153846154	0.6490656236418894	0.6204819277108434	0.6242424242424243	0.639751552795031
1050	207	0.9951923076923077	0.7025549182460433	0.6742671009771987	0.6831683168316832	0.7040816326530612
1080	208	1.0	0.7739958430797496	0.7428571428571429	0.7482014388489209	0.7619047619047619
1110	208	1.0	0.8159044273054782	0.7908745247148289	0.8	0.8253968253968254
1140	208	1.0	0.8447018129324683	0.8221343873517787	0.8353413654618473	0.8702928870292888
1170	208	1.0	0.8657085257297106	0.8489795918367347	0.8630705394190872	0.9004329004329005
1200	208	1.0	0.88170934296686	0.8666666666666667	0.8813559322033898	0.9244444444444444
1230	208	1.0	0.8943031171724845	0.8813559322033898	0.896551724137931	0.9411764705882353
1260	208	1.0	0.9044733289697241	0.8927038626609443	0.9122807017543859	0.9541284403669725
1290	208	1.0	0.9128581722049184	0.9043478260869565	0.9244444444444444	0.9629629629629629
1320	208	1.0	0.9198898242727714	0.9122807017543859	0.9327354260089686	0.9719626168224299
1350	208	1.0	0.9258714147361515	0.9203539823008849	0.9411764705882353	0.9765258215962441
1380	208	1.0	0.9310218131223901	0.9285714285714286	0.9454545454545454	0.9811320754716981
1410	208	1.0	0.9355030140350333	0.9327354260089686	0.9497716894977168	0.985781990521327
1440	208	1.0	0.9394374871802497	0.9369369369369369	0.9585253456221198	0.985781990521327
1470	208	1.0	0.9429195344376863	0.9411764705882353	0.9629629629629629	0.9904761904761905
1500	208	1.0	0.9460229500598283	0.9454545454545454	0.9629629629629629	0.9904761904761905
1530	208	1.0	0.9488063068762225	0.9497716894977168	0.9674418604651163	0.9904761904761905
1560	208	1.0	0.9513166890749919	0.9541284403669725	0.9719626168224299	0.9952153110047847
1590	208	1.0	0.9535923770258639	0.9541284403669725	0.9719626168224299	0.9952153110047847
1620	208	1.0	0.9556648173960388	0.9585253456221198	0.9765258215962441	0.9952153110047847
1650	208	1.0	0.9575600633120332	0.9585253456221198	0.9765258215962441	0.9952153110047847
1680	208	1.0	0.9592999192029704	0.9629629629629629	0.9811320754716981	0.9952153110047847
1710	208	1.0	0.9609027396482139	0.9629629629629629	0.9811320754716981	0.9952153110047847
1740	208	1.0	0.9623841031361613	0.9674418604651163	0.9811320754716981	1.0
1770	208	1.0	0.9637573113177941	0.9674418604651163	0.985781990521327	1.0
1800	208	1.0	0.9650337684528421	0.9719626168224299	0.985781990521327	1.0
1830	208	1.0	0.966223400966211	0.9719626168224299	0.985781990521327	1.0
1860	208	1.0	0.9673347432038462	0.9719626168224299	0.985781990521327	1.0
1890	208	1.0	0.9683752618632161	0.9765258215962441	0.9904761904761905	1.0
1920	208	1.0	0.9693515600038474	0.9765258215962441	0.9904761904761905	1.0
1950	208	1.0	0.9702693800491987	0.9765258215962441	0.9904761904761905	1.0
1980	208	1.0	0.9711338188751792	0.9765258215962441	0.9904761904761905	1.0
2010	208	1.0	0.9719494133138158	0.9811320754716981	0.9904761904761905	1.0
2040	208	1.0	0.972720187073784	0.9811320754716981	0.9904761904761905	1.0
2070	208	1.0	0.9734497361281197	0.9811320754716981	0.9904761904761905	1.0
2100	208	1.0	0.9741412866806798	0.9811320754716981	0.9952153110047847	1.0
2130	208	1.0	0.9747977067281371	0.9811320754716981	0.9952153110047847	1.0
2160	208	1.0	0.9754216408707534	0.9811320754716981	0.9952153110047847	1.0
2190	208	1.0	0.9760154244754856	0.985781990521327	0.9952153110047847	1.0
2220	208	1.0	0.9765811946548756	0.985781990521327	0.9952153110047847	1.0
2250	208	1.0	0.9771208803471003	0.985781990521327	0.9952153110047847	1.0
2280	208	1.0	0.9776362671518404	0.985781990521327	0.9952153110047847	1.0
2310	208	1.0	0.9781289386966173	0.985781990521327	0.9952153110047847	1.0
