cut_off	num_rel	true_recall	SWIFT	SWIFT+forget0.1	SWIFT+forget0.2	SWIFT+forget0.5
30	5	0.0016688918558077437	0.0006511594255330717	0.0006391409945033875	0.0006391409945033875	0.0006391409945033875
60	7	0.002336448598130841	0.0019241759171800313	0.0019011406844106464	0.0019289060347203086	0.0020126509488211618
90	22	0.007343124165554072	0.0015936832192442723	0.0015741270749856898	0.0015767218519314842	0.001584215453301649
120	33	0.011014686248331108	0.0023912177095095273	0.0023600085818493884	0.002362035645265192	0.0023677979479084454
150	45	0.015020026702269693	0.003261460409502985	0.0032214188560383706	0.0032265003226500323	0.003241841365895829
180	58	0.019359145527369826	0.003366246127731022	0.003323210909299261	0.0033218785796105383	0.0033176982038668344
210	69	0.02303070761014686	0.00500308160824998	0.004924350556665715	0.004914529914529914	0.004885301614273577
240	76	0.025367156208277702	0.008793052331723231	0.008684721746086161	0.008729611762003216	0.008867110022167776
270	90	0.030040053404539385	0.003928272651224489	0.0038860103626943004	0.0038860103626943004	0.0038860103626943004
300	110	0.036715620827770364	0.00797824116049212	0.0078807852127812	0.007893226176808266	0.007930785868781542
330	135	0.04506008010680908	0.0049162418062636565	0.0048680225010817825	0.0048680225010817825	0.0048680225010817825
360	156	0.0520694259012016	0.011301481508342277	0.01115321369843426	0.011160394906281299	0.011179590081697005
390	184	0.06141522029372497	0.006703340741010601	0.006637567187330905	0.006637567187330905	0.006637567187330905
420	206	0.06875834445927904	0.008994913071015461	0.008905412415701194	0.008912733093929823	0.008933992540549917
450	230	0.07676902536715621	0.010043302645474731	0.009935634368655234	0.009935634368655234	0.009935634368655234
480	256	0.08544726301735647	0.0111781443989318	0.011049723756906077	0.01104114551884758	0.011015490533562823
510	279	0.0931241655540721	0.016178954311861816	0.015961098398169338	0.015942857142857144	0.015886573283225146
540	301	0.10046728971962617	0.01745142517557699	0.017257195275771128	0.01727799781872453	0.01733771096135015
570	321	0.10714285714285714	0.014022467983502268	0.013872682484117724	0.013872682484117724	0.013872082973206568
600	345	0.11515353805073432	0.020810712993160407	0.02051007668985197	0.020471132736011394	0.02035158093440302
630	369	0.12316421895861149	0.01787985608896977	0.01765634719364563	0.01763272327615043	0.017564737242955066
660	391	0.13050734312416556	0.018946322790107398	0.018709029140150248	0.018684889611010228	0.018612843337934976
690	416	0.13885180240320427	0.015193017055622511	0.015044663845792195	0.015044663845792195	0.015044663845792195
720	439	0.1465287049399199	0.021269122224787083	0.021003779723458207	0.020976681957186546	0.020894811994288436
750	461	0.15387182910547398	0.01684572096762406	0.01668114054132291	0.01668114054132291	0.01668114054132291
780	485	0.16188251001335113	0.017726608187134504	0.017553384002895404	0.017553384002895404	0.017553384002895404
810	512	0.17089452603471295	0.01871550243082209	0.01853259492525428	0.01853259492525428	0.01853259492525428
840	538	0.1795727636849132	0.019668774905860418	0.019476523187199075	0.019476523187199075	0.019476523187199075
870	559	0.18658210947930573	0.03231283915115961	0.031981234624406434	0.032043565491544856	0.032230166051660514
900	586	0.19559412550066757	0.025609836041718886	0.025356988316745998	0.025376753854148622	0.02543623578435628
930	608	0.20293724966622162	0.026574781639534056	0.02631237287402086	0.02633288578977002	0.026394616887345346
960	633	0.21128170894526035	0.023163056206088994	0.022937275790846832	0.022937275790846832	0.022937275790846832
990	656	0.21895861148197596	0.0378717354751904	0.03745574968596551	0.03749857093860752	0.03762762418263164
1020	682	0.22763684913217624	0.03935627673466756	0.03892471890873809	0.03896920175989944	0.03910774700384197
1050	708	0.2363150867823765	0.02592172225680079	0.025668914509462692	0.025668914509462692	0.025668914509462692
1080	730	0.24365821094793058	0.043778110944603266	0.043185044959772836	0.043128914096656035	0.042963922076393386
1110	756	0.2523364485981308	0.033046531789835645	0.03267070008643042	0.03264671589584143	0.03257216716932357
1140	779	0.26001335113484647	0.02854107129772111	0.02826355126623612	0.02826355126623612	0.02826355126623612
1170	805	0.26869158878504673	0.03518997486433948	0.034843959658918754	0.0348711284383799	0.03495288958360471
1200	831	0.277369826435247	0.03632495756263663	0.03596779778393352	0.03599584163562332	0.03608023619312261
1230	858	0.2863818424566088	0.03144815452846095	0.031142245290552067	0.031142245290552067	0.031142245290552067
1260	880	0.2937249666221629	0.05064201704855418	0.05016531752365751	0.05030008573878251	0.05070584845865745
1290	901	0.3007343124165554	0.033044817721704686	0.032724367123088655	0.032724367123088655	0.032724367123088655
1320	921	0.3074098798397864	0.04455247977362592	0.04405855338691159	0.04405855338691159	0.04405644582635733
1350	946	0.3157543391188251	0.04136996086038531	0.04090280179868558	0.04087099282813445	0.04077761972498815
1380	969	0.3234312416555407	0.04237949106711074	0.04190089077229093	0.041868302799861735	0.041774443869632694
1410	994	0.3317757009345794	0.04347287318958515	0.04304707461781646	0.04308065704503099	0.04317984361424848
1440	1017	0.3394526034712951	0.0373457696827262	0.03698316302410997	0.03698316302410997	0.03698316302410997
1470	1040	0.3471295060080107	0.04549265483181756	0.04504699614501668	0.04508214486973861	0.04518595759471672
1500	1067	0.3561415220293725	0.04666963120644428	0.04617848177962434	0.04617848177962434	0.046176483316743844
1530	1094	0.3651535380507343	0.047846401679482745	0.04737981810307492	0.047414727170285616	0.0475238922675934
1560	1118	0.37316421895861146	0.04108330577297615	0.04068561446923105	0.04068561446923105	0.04068561446923105
1590	1142	0.38117489986648867	0.04197449185871283	0.0415680850289375	0.0415680850289375	0.0415680850289375
1620	1163	0.38818424566088117	0.06670538217227158	0.06598581560283688	0.0660570260138589	0.0662791360346498
1650	1184	0.3951935914552737	0.06790110181585539	0.0672192574088793	0.06734159936298487	0.06772293084710862
1680	1206	0.40253671562082777	0.058296777000347695	0.057656451690012905	0.057656451690012905	0.057653695381967685
1710	1222	0.40787716955941256	0.10155898302527798	0.10038610038610038	0.1006423982869379	0.10141078838174274
1740	1245	0.41555407209612816	0.04583946980854197	0.04539653600729262	0.04539653600729262	0.04539653600729262
1770	1265	0.42222963951935916	0.07252140886457281	0.07179341657207719	0.07192812873144937	0.07233117959860484
1800	1286	0.42923898531375165	0.056324868057081194	0.05573372627199445	0.05573372627199445	0.05573372627199445
1830	1314	0.438584779706275	0.04841740668410774	0.04794920449569406	0.04794920449569406	0.04794920449569406
1860	1336	0.4459279038718291	0.049242563856842725	0.04876802336192736	0.04876802336192736	0.04876802336192736
1890	1357	0.4529372496662216	0.05944497579714816	0.058780213116174304	0.058734418282548474	0.058605052904340316
1920	1380	0.4606141522029373	0.06045781461069778	0.059825725061776566	0.059825725061776566	0.05982313161088954
1950	1406	0.46929238985313754	0.051860868282247057	0.0513607305936073	0.0513607305936073	0.0513607305936073
1980	1427	0.47630173564753003	0.08166477097958862	0.08061236018528979	0.08052592968794087	0.08025871766029247
2010	1452	0.48464619492656874	0.05358526774181644	0.05306823581009466	0.05306823581009466	0.05306823581009466
2040	1475	0.4923230974632844	0.06463392368091013	0.06400798472487415	0.06405523950145481	0.06420021762785637
2070	1496	0.4993324432576769	0.05524168236032643	0.05471035693387946	0.05471035693387946	0.05471035693387946
2100	1518	0.5066755674232309	0.06653857674078478	0.0657968878678861	0.06574844074844075	0.06560069144338808
2130	1542	0.5146862483311081	0.06759353287995039	0.06688934195115603	0.06688934195115603	0.06688644053092739
2160	1565	0.5223631508678238	0.10934497816618602	0.10786408436143084	0.10778236914600552	0.10753796468082183
2190	1587	0.5297062750333779	0.05866479373059293	0.058099945085118065	0.058099945085118065	0.058099945085118065
2220	1604	0.5353805073431241	0.0703513914576078	0.0696694609738088	0.0697239730493371	0.06987888821120501
2250	1626	0.5427236315086782	0.06015315748584958	0.059575715384897227	0.059575715384897227	0.059575715384897227
2280	1649	0.5504005340453939	0.0610198342214328	0.060433922157883166	0.060433922157883166	0.060433922157883166
2310	1666	0.5560747663551402	0.09516397363861495	0.09415089008194405	0.09425742574257426	0.0945731153496821
2340	1686	0.5627503337783711	0.11754453236657719	0.11604377451992566	0.11604377451992566	0.11604377451992566
2370	1704	0.5687583444592791	0.07481942787733388	0.07409662129843023	0.07415143603133159	0.07431636791835666
2400	1718	0.5734312416555407	0.11975880938299968	0.11831955922865013	0.11840110268780152	0.11866279872910623
2430	1740	0.5807743658210948	0.09939662251425854	0.09848313334842654	0.09873460818248879	0.09948542024013722
2460	1766	0.589452603471295	0.06550202143837394	0.06487399897142017	0.06487399897142017	0.06487399897142017
2490	1784	0.595460614152203	0.08635984073776941	0.08542424822830876	0.08542424822830876	0.08542015800813982
2520	1803	0.6018024032042724	0.10295576699340947	0.10193927743540454	0.10212404418011894	0.10267653758542142
2550	1823	0.6084779706275033	0.08015359474737029	0.07932294839439562	0.07932294839439562	0.07931949701953618
2580	1843	0.6151535380507344	0.08925263629432924	0.08823247797778629	0.08818181818181818	0.08802177858439202
2610	1859	0.6204939919893191	0.0817867853555941	0.08093869731800767	0.08093869731800767	0.08093869731800767
2640	1877	0.6265020026702269	0.1071874710010641	0.10605718160244096	0.10617116352734883	0.10652062879518756
2670	1897	0.633177570093458	0.13183223878551323	0.13062039523514427	0.13107165065984938	0.13246281684239927
2700	1912	0.6381842456608812	0.15532192879761747	0.1540072492952074	0.15479274611398963	0.15717221537196877
2730	1931	0.6445260347129506	0.09362537727733482	0.09250299401197605	0.09239234449760765	0.09206197854588796
2760	1941	0.6478638184245661	0.1996772347643188	0.1974165988608625	0.1981218740430744	0.20022694450175366
2790	1958	0.6535380507343124	0.1360619853378441	0.1346259625962596	0.13490423039823618	0.13574597892401552
2820	1975	0.6592122830440588	0.13722424874096054	0.1358695652173913	0.13624448123620309	0.1373817473567056
2850	1988	0.6635514018691588	0.2041159446338812	0.2014388489208633	0.2017659596062113	0.20273302059963288
2880	2006	0.6695594125500668	0.11469165183715883	0.11324376199616124	0.11312242711329161	0.11276631626285907
2910	2020	0.6742323097463284	0.11976047904210153	0.11821161048689138	0.11807341594575638	0.11766076421248835
2940	2040	0.6809078771695594	0.11665892276357955	0.11535199321458864	0.11539114203292042	0.11550874808900968
2970	2059	0.6872496662216289	0.1893320897727669	0.18714779131067077	0.18762529615454712	0.18903782592728607
3000	2080	0.6942590120160214	0.09193031564223504	0.09104836944626833	0.09111218187393227	0.09131217349312963
3030	2100	0.7009345794392523	0.09283477620196509	0.09187557422233888	0.09187557422233888	0.09187557422233888
3060	2113	0.7052736982643525	0.14662919399080557	0.14439964463883004	0.14400599741020922	0.14283782870276482
3090	2130	0.7109479305740988	0.17225460794595676	0.17023657289002558	0.1705227763990073	0.17135961383748993
3120	2140	0.7142857142857143	0.21820730969084523	0.21511861680739847	0.21518350930115637	0.21542178377290114
3150	2158	0.7202937249666221	0.12350041848794685	0.12186582335667495	0.12165285529060263	0.12101839389860924
3180	2169	0.7239652870493992	0.2617115622468333	0.25821428571428573	0.2587379219849696	0.26019673704414586
3210	2188	0.7303070761014686	0.10661858759612654	0.105471197879007	0.105471197879007	0.10546611394967705
3240	2204	0.7356475300400535	0.17807342970491205	0.17577159263099132	0.17582768248903072	0.1760102220092637
3270	2218	0.7403204272363151	0.12704322362164785	0.1258011457092621	0.12601556729731264	0.12667770860700212
3300	2237	0.7466622162883845	0.1091046541402377	0.1078696113414987	0.10780722891566265	0.10761533650839467
3330	2249	0.7506675567423231	0.19778601031194207	0.19436522340333592	0.19362892811020233	0.19142054642948336
3360	2265	0.7560080106809078	0.13448521553280032	0.13276670574443142	0.1326112412177986	0.13214702450408403
3390	2279	0.7606809078771696	0.0858574442435202	0.08503414051714488	0.08503414051714488	0.08503414051714488
3420	2296	0.7663551401869159	0.1592951052835736	0.15753001715265866	0.15774647887323945	0.15839944808554673
3450	2309	0.770694259012016	0.21079745159867402	0.2086760054225034	0.20947110586954548	0.2118737383006056
3480	2318	0.7736982643524699	0.2566067441999661	0.2546413270350434	0.25647267094489934	0.2620985979194934
3510	2326	0.7763684913217623	0.27815480283556804	0.2748109640831758	0.27569041128363164	0.2782296650717703
3540	2342	0.7817089452603472	0.21379341823066436	0.2119073470865002	0.21298654056020372	0.21627112383414904
3570	2354	0.7857142857142857	0.2382455452317911	0.2367732850533092	0.2387423935091278	0.24477487782052615
3600	2366	0.7897196261682243	0.10556923054050969	0.1044822256568779	0.1044822256568779	0.1044776119402985
3630	2374	0.7923898531375166	0.262389703851681	0.25914201506385764	0.25976583871320713	0.26162662552347365
3660	2391	0.798064085447263	0.10680385047768394	0.10570291777188329	0.10570291777188329	0.10570291777188329
3690	2403	0.8020694259012016	0.13825342145583921	0.13680614859094792	0.1369542915764277	0.13739279588336192
3720	2416	0.8064085447263017	0.19501301566634108	0.19264811418547165	0.19283262830233858	0.19338829744657007
3750	2429	0.8107476635514018	0.21319407111642455	0.21052175420350147	0.2107409335415582	0.21129088378566457
3780	2441	0.8147530040053405	0.14559227007059625	0.1437404310446355	0.14357134454770026	0.1430664634861095
3810	2451	0.818090787716956	0.10980280890916388	0.10859548072662827	0.10851855131497387	0.10828841565785986
3840	2461	0.8214285714285714	0.29246264000713035	0.28980216674517195	0.29151859748874676	0.296648987463838
3870	2471	0.8247663551401869	0.22534018590606805	0.22267279444895016	0.22307483975805723	0.22431009440813363
3900	2479	0.8274365821094793	0.2503424030709217	0.24583498611662039	0.24488787908722712	0.24199531433033972
3930	2491	0.8314419225634179	0.17354652175462817	0.1715210355987055	0.17162739424004408	0.1719828776581055
3960	2497	0.8334445927903872	0.35399706647543394	0.3504561403508772	0.3524347212420607	0.3581982498924114
3990	2502	0.835113484646195	0.3547445971980972	0.3528416302355098	0.35651182673126247	0.3678870754300838
4020	2508	0.8371161548731643	0.2534885630730612	0.2498256798485905	0.24975104560844452	0.2495274102079395
4050	2515	0.839452603471295	0.3383692561704329	0.33573621679348553	0.3383559800887932	0.3463233269071881
4080	2525	0.8427903871829105	0.2221611218042313	0.21870939800779557	0.218255683291555	0.2167940242122435
4110	2533	0.845460614152203	0.17706476530041593	0.17534265540634086	0.17580510827318158	0.17720721981250875
4140	2537	0.8467957276368492	0.42317975990467666	0.4150850785340314	0.41366378607533016	0.409061593034505
4170	2543	0.8487983978638184	0.3512430939245875	0.3458452332381341	0.3457982050584716	0.3454224395544689
4200	2544	0.8491321762349799	0.5101028891330699	0.5073793378540088	0.5129032258064516	0.5298896063320142
4230	2548	0.8504672897196262	0.5307886756374626	0.5205311542390194	0.518835267766239	0.5135026199113261
4260	2557	0.8534712950600801	0.2860993571497542	0.2824790101634998	0.282979194333776	0.2843006448743607
4290	2564	0.855807743658211	0.28318106235961216	0.2784535186794092	0.2778199154838011	0.27590659636285375
4320	2572	0.8584779706275033	0.18062431967450637	0.17800539829746004	0.1776243093922652	0.17645444566410537
4350	2576	0.8598130841121495	0.3708776129095453	0.36435643564356435	0.36343115124153497	0.36033011610015386
4380	2587	0.8634846461949266	0.26236158385566993	0.25797766254487436	0.25731052317485575	0.25525407005426737
4410	2598	0.8671562082777036	0.2869150678891465	0.28260633090394865	0.28245270711024134	0.28199283620970367
4440	2613	0.8721628838451269	0.18374881333322896	0.18109363088225103	0.18069289813982436	0.17952593610443146
4470	2625	0.8761682242990654	0.18463161596660435	0.1829523278505715	0.18355359765051396	0.18536826495304004
4500	2639	0.8808411214953271	0.18562937431894033	0.18369761937908952	0.18405635374529222	0.18512802525429672
4530	2648	0.8838451268357811	0.27625058682492837	0.2725962528309656	0.27284904688304995	0.27349721131997523
4560	2660	0.8878504672897196	0.26930743189901124	0.2670146556916282	0.26852412679184334	0.27307257981726724
4590	2671	0.8915220293724967	0.316572342885742	0.31357126085935666	0.31519943356148217	0.32026378896882496
4620	2673	0.8921895861148198	0.49360493491017154	0.49099926524614257	0.4961945424169296	0.5123634272570443
4650	2678	0.8938584779706275	0.5171338256142719	0.5052830188679245	0.5014042314173376	0.4896690437008594
4680	2684	0.8958611481975968	0.3779073860489252	0.3758577230079821	0.37963224893917963	0.39131068668902175
4710	2687	0.8968624833110814	0.5292386964774255	0.5231697819314641	0.5254204145482988	0.5316580925999208
4740	2693	0.8988651535380507	0.3408448921607945	0.3362887112887113	0.3367933966983492	0.33818912470174556
4770	2699	0.9008678237650201	0.3801429043516445	0.3762196821856705	0.3780641546435075	0.38348962773515205
4800	2701	0.9015353805073432	0.5416624887243159	0.534639746634996	0.5360190513990871	0.5405243145887533
4830	2707	0.9035380507343124	0.38145978201591	0.3796101528537372	0.38359076094657785	0.3958181020617049
4860	2709	0.9042056074766355	0.5620742254943696	0.5579814624098867	0.5623832260743201	0.5749151103565365
4890	2718	0.9072096128170895	0.32321550673518057	0.3212006617820846	0.3238798856053384	0.33223322332233224
4920	2724	0.9092122830440588	0.3838719993084537	0.379545771213599	0.38103231221149814	0.3856172140430351
4950	2728	0.910547396528705	0.4189081992900917	0.41189793145100406	0.41127694859038144	0.40924092409240925
4980	2735	0.9128838451268357	0.36667318381335906	0.36292462845010615	0.36461805092654315	0.3697444910098689
5010	2741	0.914886515353805	0.3862844258007777	0.3821274222779869	0.3837860543265192	0.38890465380249717
5040	2746	0.9165554072096128	0.4799308286891319	0.47467588591184096	0.4768188921687793	0.4835358337735517
5070	2748	0.9172229639519359	0.5281678665334796	0.524327418431597	0.5287665961131423	0.542654028436019
5100	2751	0.9182242990654206	0.585893001650565	0.5792798483891346	0.5816067653276955	0.5887010485769313
5130	2753	0.9188918558077437	0.5778562406114268	0.5742594910304547	0.5795789473684211	0.5956295975768066
5160	2757	0.9202269692923899	0.5405639434897096	0.5321366531557614	0.5321366531557614	0.5324449594438007
5190	2763	0.9222296395193591	0.2824196814739567	0.27841596130592505	0.2783318223028105	0.2780237472328436
5220	2768	0.9238985313751669	0.4086061187608586	0.4029112081513828	0.4033809385018945	0.40491515506143944
5250	2773	0.9255674232309746	0.42614553185224413	0.42213426701172174	0.4246554364471669	0.43233551605862175
5280	2783	0.9289052069425902	0.2847004213484615	0.28259545085296506	0.28447306552182355	0.2901981230448384
5310	2787	0.9302403204272364	0.4661203230310379	0.4597492576707357	0.4603567888999009	0.4615766810202054
5340	2793	0.9322429906542056	0.41207930998525194	0.41037320011754336	0.414945773287773	0.4290322580645161
5370	2797	0.9335781041388518	0.5662185783466418	0.5582834331337325	0.5587295245705154	0.55995995995996
5400	2797	0.9335781041388518	0.6563963847196455	0.6509192459855714	0.655188568751464	0.6691387559808613
5430	2803	0.9355807743658211	0.28753694549697706	0.2839343598055105	0.28433759383242035	0.2855251095039218
5460	2803	0.9355807743658211	0.5374364861152964	0.5370760682123012	0.5451186308829249	0.5699471329808865
5490	2806	0.9365821094793058	0.6256177771234995	0.6153508771929824	0.6141387612168965	0.6082809451549968
5520	2808	0.9372496662216289	0.5688395775466067	0.5644221105527638	0.5687664573627709	0.5825726141078839
5550	2809	0.9375834445927904	0.6334612336195823	0.6312359550561798	0.6382640309020677	0.6581537019681349
5580	2811	0.9382510013351135	0.6962420690695028	0.6876223091976517	0.6884643644379133	0.6891394949742584
5610	2819	0.9409212283044058	0.3993809905263948	0.3964280691885811	0.39946152756128667	0.4086691794723108
5640	2823	0.942256341789052	0.551773561949965	0.5471990695871293	0.5511518937914877	0.5636980830670927
5670	2831	0.9449265687583445	0.31673949391914497	0.31361471142129166	0.31497552291944814	0.31920171383470514
5700	2831	0.9449265687583445	0.5531480099576022	0.5524980483996877	0.5603721298495645	0.5847965296426358
5730	2832	0.945260347129506	0.6503513231631729	0.6489459211732356	0.6567717996289425	0.6779985635623653
5760	2834	0.9459279038718291	0.7172700906832375	0.7076154806491886	0.7074388417373939	0.7044494158588118
5790	2837	0.9469292389853138	0.5743608112210649	0.5653646871263451	0.5649143767423337	0.5633439237490071
5820	2840	0.9479305740987984	0.6013983460816259	0.593521421107628	0.5946398659966499	0.5980206359233523
5850	2843	0.9489319092122831	0.484205645946841	0.4782974427994616	0.479750253121836	0.4839972761321076
5880	2849	0.9509345794392523	0.4228638674372934	0.41792577380079216	0.4193405946423315	0.42358013678263456
5910	2855	0.9529372496662216	0.42371399040862573	0.41739766081871343	0.4174586927913438	0.41721467192751716
5940	2860	0.9546061415220294	0.39705678427473196	0.3925336261323085	0.39383090057835307	0.3973325923867741
5970	2863	0.955607476635514	0.5877799597673147	0.5786176232821342	0.57826701676429	0.5774505849132715
6000	2864	0.9559412550066756	0.6212081434511484	0.6171083818142642	0.6220677671589921	0.6371523915461624
6030	2867	0.9569425901201603	0.6562538746015434	0.6436910642119443	0.6405272564789991	0.6305256212887618
6060	2868	0.9572763684913218	0.6566456048412258	0.6491625169760072	0.6512261580381471	0.6573458629383452
6090	2871	0.9582777036048065	0.6692697709726511	0.6587884350619551	0.6574307304785895	0.6513157894736842
6120	2875	0.9596128170894526	0.4447595720022502	0.4396024464831804	0.4412216083486802	0.44622070464069535
6150	2877	0.9602803738317757	0.5722526069939723	0.5667848699763594	0.5697029702970297	0.5782914572864322
6180	2879	0.9609479305740988	0.6587619135457145	0.6515048653541525	0.654020899591095	0.6619912623591631
6210	2882	0.9619492656875834	0.5650483730348026	0.5555127216653817	0.5542307692307692	0.5491615853658537
6240	2885	0.9629506008010681	0.5739580188370674	0.5667976424361493	0.5681370618353683	0.5728752978554408
6270	2887	0.9636181575433912	0.6102904461531533	0.6049874266554903	0.6088148460565163	0.6200601374570447
6300	2890	0.9646194926568759	0.5937565372969169	0.5882352941176471	0.5916069600818833	0.6022087934986455
6330	2893	0.9656208277703605	0.6030830166116119	0.5951450318864431	0.5960032962505151	0.5977272727272728
6360	2897	0.9669559412550067	0.4654305925854511	0.46064557163301	0.46292745286033876	0.4697583914383006
6390	2900	0.9679572763684913	0.5339178082231646	0.5273686124749954	0.5289075323727886	0.5327944148447548
6420	2904	0.9692923898531375	0.5676332714632929	0.5584615384615385	0.5577107739581333	0.555364314400459
6450	2908	0.9706275033377837	0.4514009280344083	0.4464230887319619	0.4482120838471023	0.45380774032459426
6480	2910	0.9712950600801068	0.568833864404033	0.5637349864393646	0.5669199298655757	0.5762376237623762
6510	2912	0.9719626168224299	0.6647790506327845	0.6557081738347219	0.6561514195583596	0.6577817935396431
6540	2917	0.9736315086782377	0.5486762766947509	0.5403853278992219	0.5401851851851852	0.5396854764107308
6570	2918	0.9739652870493992	0.6078420432068318	0.6027680231357158	0.6069051580698835	0.6196644722871097
6600	2920	0.9746328437917223	0.6467222604467809	0.6395094174332019	0.6411945542380325	0.6448763250883393
6630	2923	0.975634178905207	0.513758160785092	0.5081710709318498	0.5102112061441787	0.516066384180791
6660	2927	0.9769692923898531	0.47152875316819404	0.465563861937331	0.46660290132313087	0.4696726572528883
6690	2930	0.9779706275033377	0.5515412094418902	0.546947918611163	0.5507518796992481	0.5624880015358035
6720	2934	0.979305740987984	0.6021641036803502	0.5953733766233766	0.5973127035830619	0.6025878003696857
6750	2935	0.9796395193591455	0.6112650389624487	0.6062796942780417	0.6103139945934706	0.6220856295040271
6780	2937	0.9803070761014686	0.6500031856058893	0.643655489809336	0.6466314398943197	0.6551416462190497
6810	2940	0.9813084112149533	0.57519003678774	0.5671296296296297	0.567458019687319	0.5680061823802164
6840	2944	0.9826435246995995	0.504543961461854	0.49966055668703324	0.5023890784982935	0.5107564191533657
6870	2945	0.982977303070761	0.6296659242816571	0.6267290912960204	0.6329249946271223	0.6515486725663717
6900	2945	0.982977303070761	0.7186334967650351	0.7204011741682974	0.731858846918489	0.766328389279209
6930	2946	0.9833110814419226	0.76732358340785	0.7671875	0.7764891934633632	0.8025061291201308
6960	2947	0.9836448598130841	0.763468593925814	0.7544802867383512	0.7542871768620425	0.7460759493670887
6990	2953	0.9856475300400535	0.4068497161279758	0.40209694989106753	0.403305107894018	0.4069174590050985
7020	2954	0.985981308411215	0.5887394084498494	0.5871596104154244	0.5944858120346146	0.6165727405552077
7050	2954	0.985981308411215	0.6964004184601189	0.6993371212121212	0.7119787900698964	0.74993653211475
7080	2955	0.9863150867823764	0.7562290439995563	0.7557544757033248	0.764355923435075	0.7865318072930529
7110	2960	0.9879839786381842	0.4020373514450502	0.39487726787620064	0.3935646855471347	0.3894224444152085
7140	2962	0.9886515353805073	0.6002517546884246	0.5945403452428744	0.5976594027441485	0.6063459570112589
7170	2962	0.9886515353805073	0.6815271770796232	0.6782688344401191	0.6845389415299283	0.7038973384030418
7200	2962	0.9886515353805073	0.7507451468536436	0.7521584560690706	0.7632053594434424	0.7966648735879505
7230	2965	0.989652870493992	0.7318392479759213	0.7193110140708394	0.7158377595364558	0.7012771996215705
7260	2965	0.989652870493992	0.7828632874466697	0.7761780104712042	0.7786239495798319	0.785430463576159
7290	2968	0.9906542056074766	0.6646621575755152	0.6557666813963765	0.6562016360822462	0.6563467492260062
7320	2968	0.9906542056074766	0.7409811573523017	0.7375745526838966	0.7440461268488343	0.7633744855967078
7350	2968	0.9906542056074766	0.7891173984206831	0.7899920149055097	0.8006474237928244	0.8327721661054994
7380	2974	0.992656875834446	0.3697740200818114	0.3660307692307692	0.3676143386897404	0.37240170298021535
7410	2976	0.9933244325767691	0.5749009957121822	0.5696784073506891	0.5728585178055823	0.5819319515056707
7440	2976	0.9933244325767691	0.6911392199223301	0.6908077994428969	0.7002352941176471	0.7281624663567409
7470	2980	0.9946595460614153	0.6539457216880671	0.640171858216971	0.6356655290102389	0.6217400375547674
7500	2980	0.9946595460614153	0.7354257704627252	0.727894479726429	0.7302131830433717	0.7389040416563353
7530	2981	0.9949933244325768	0.6979525309019292	0.6987810595405533	0.7090865842055185	0.7389687654933069
7560	2983	0.9956608811748998	0.7480408751881026	0.7403822288409034	0.7420398009950249	0.7435194416749751
7590	2986	0.9966622162883845	0.6074875683205001	0.6010466988727858	0.6035981402870426	0.6116345759934453
7620	2986	0.9966622162883845	0.7096604033957431	0.7084223013048636	0.7169267707082834	0.7435258964143426
7650	2986	0.9966622162883845	0.769770080821846	0.7725743855109961	0.7851696029450433	0.8230429988974641
7680	2986	0.9966622162883845	0.8093577374868577	0.815401419989077	0.8308291597106289	0.8746338605741066
7710	2986	0.9966622162883845	0.837400561220491	0.8458923512747876	0.8632552760913559	0.9095339628388669
7740	2987	0.996995994659546	0.8451902880812914	0.8497866287339971	0.861800346220427	0.8871398871398871
7770	2988	0.9973297730307076	0.8632214663644427	0.8605990783410138	0.8648335745296671	0.8665893271461717
7800	2988	0.9973297730307076	0.8783983243514478	0.8788235294117647	0.8861209964412812	0.8997289972899729
7830	2989	0.9976635514018691	0.889146599370007	0.8822314049586777	0.8819710829153142	0.8752562225475842
7860	2992	0.9986648865153538	0.7862318710155942	0.7681643132220796	0.7586206896551724	0.7260373695704926
7890	2992	0.9986648865153538	0.7974004945816574	0.7863337713534823	0.7846839758720168	0.7809971286870269
7920	2992	0.9986648865153538	0.829103126985058	0.8228822882288229	0.8262910798122066	0.8395061728395061
7950	2992	0.9986648865153538	0.8522874641221586	0.85	0.8573065902578797	0.8812960235640648
7980	2992	0.9986648865153538	0.8699801087845332	0.8707799767171129	0.880777156314395	0.9119170984455959
8010	2992	0.9986648865153538	0.8839256647077524	0.8873072360616845	0.8993086865043582	0.9341242585076491
8040	2993	0.9989986648865153	0.8713805914960117	0.8723404255319149	0.8805531038540747	0.8950358851674641
8070	2993	0.9989986648865153	0.8850862689202788	0.8883941822499258	0.8990687894262541	0.9214901477832512
8100	2993	0.9989986648865153	0.8961829492433403	0.9017776438686351	0.9138931297709924	0.940899088337001
8130	2993	0.9989986648865153	0.905350863512138	0.9125	0.9260519801980198	0.9556194125159643
8160	2994	0.9993324432576769	0.9038365729924841	0.9050785973397824	0.9116930572472595	0.917841814837523
8190	2996	1.0	0.9103490186986479	0.892463509085493	0.8803996473699677	0.8389806776813218
8220	2996	1.0	0.9172013564590731	0.9032258064516129	0.8956651718983557	0.8755113968439509
8250	2996	1.0	0.9230805692819682	0.9123020706455542	0.9087048832271762	0.904043452021726
8280	2996	1.0	0.928180218868225	0.9201474201474201	0.9198649063555419	0.9264069264069265
8310	2996	1.0	0.9326457129340989	0.926980198019802	0.9295687247905678	0.9439193446754883
8340	2996	1.0	0.936588408587096	0.9330426658361881	0.9377151799687011	0.9571884984025559
8370	2996	1.0	0.9400950611895212	0.9385964912280702	0.9451104100946373	0.9673877946399742
8400	2996	1.0	0.9432341906777039	0.9433249370277078	0.9514131470308034	0.9749430523917996
8430	2996	1.0	0.9460607125129199	0.9478013286934515	0.9568827850526989	0.9806873977086743
8460	2996	1.0	0.948619103795536	0.951715374841169	0.9617977528089887	0.9852022361065439
8490	2996	1.0	0.9509457917495885	0.9550525980235894	0.9658284977433914	0.9887788778877887
8520	2996	1.0	0.9530708889257821	0.9584133077415227	0.96957928802589	0.9910684750248098
8550	2996	1.0	0.9550195070360288	0.9611806223933269	0.9730431958428061	0.9930394431554525
8580	2996	1.0	0.956812753258069	0.963963963963964	0.9758957654723127	0.9946879150066401
8610	2996	1.0	0.9584684978791147	0.9661399548532731	0.9784454604833442	0.9956796277833168
8640	2996	1.0	0.9600019718639504	0.9686388619463304	0.9806873977086743	0.9966733200266135
8670	2996	1.0	0.9614262368277667	0.9705215419501134	0.9826172515578878	0.9973368841544608
8700	2996	1.0	0.9627525599355934	0.9724115546900357	0.984554715741045	0.9980013324450366
8730	2996	1.0	0.9639907022803941	0.974308943089431	0.9861751152073732	0.9983338887037654
8760	2996	1.0	0.9651491804070776	0.9758957654723127	0.987475280158207	0.9986666666666667
8790	2996	1.0	0.9662354416157785	0.9771689497716894	0.9887788778877887	0.9989996665555185
8820	2996	1.0	0.9672560418602387	0.9787651094413591	0.9897588371324744	0.9989996665555185
8850	2996	1.0	0.9682167307907152	0.9800457965325482	0.9907407407407407	0.9993328885923949
8880	2996	1.0	0.9691226785867264	0.9810085134250164	0.9917245945051307	0.9993328885923949
8910	2996	1.0	0.9699784007422331	0.9822950819672132	0.9927104042412194	0.9993328885923949
8940	2996	1.0	0.9707879671544585	0.9832622251394815	0.993368700265252	0.9996663329996663
8970	2996	1.0	0.9715550297027997	0.9842312746386334	0.9940278699402787	0.9996663329996663
9000	2996	1.0	0.9722828338170151	0.9852022361065439	0.9943577829405907	0.9996663329996663
9030	2996	1.0	0.9729743247375819	0.9858506087528792	0.9950182663566921	0.9996663329996663
9060	2996	1.0	0.9736321514321675	0.9868247694334651	0.9953488372093023	0.9996663329996663
9090	2996	1.0	0.9742587136232835	0.987475280158207	0.9960106382978723	0.9996663329996663
9120	2996	1.0	0.9748561910613082	0.9881266490765171	0.9963418689723977	1.0
9150	2996	1.0	0.9754265731546907	0.9887788778877887	0.9966733200266135	1.0
9180	2996	1.0	0.9759716294338543	0.9894319682959049	0.9970049916805325	1.0
9210	2996	1.0	0.9764930413597355	0.9900859220092532	0.9973368841544608	1.0
9240	2996	1.0	0.9769923047883657	0.9904132231404958	0.9973368841544608	1.0
9270	2996	1.0	0.9774708015896382	0.9910684750248098	0.9976689976689976	1.0
9300	2996	1.0	0.977929801072152	0.9913964262078094	0.9980013324450366	1.0
9330	2996	1.0	0.9783704656827135	0.9920529801324504	0.9980013324450366	1.0
9360	2996	1.0	0.978793884671755	0.9923815833057303	0.9983338887037654	1.0
9390	2996	1.0	0.9792010471369711	0.9927104042412194	0.9983338887037654	1.0
9420	2996	1.0	0.9795928633318114	0.9930394431554525	0.9983338887037654	1.0
9450	2996	1.0	0.979970191362826	0.993368700265252	0.9986666666666667	1.0
9480	2996	1.0	0.980333830487637	0.993698175787728	0.9986666666666667	1.0
9510	2996	1.0	0.9806844741952045	0.9940278699402787	0.9986666666666667	1.0
9540	2996	1.0	0.9810228538653014	0.9943577829405907	0.9989996665555185	1.0
9570	2996	1.0	0.9813495769238433	0.9946879150066401	0.9989996665555185	1.0
9600	2996	1.0	0.9816652402354248	0.9950182663566921	0.9989996665555185	1.0
9630	2996	1.0	0.9819704018108764	0.9953488372093023	0.9989996665555185	1.0
9660	2996	1.0	0.982265560338091	0.9953488372093023	0.9993328885923949	1.0
9690	2996	1.0	0.9825512159984393	0.9956796277833168	0.9993328885923949	1.0
9720	2996	1.0	0.9828278297220553	0.9960106382978723	0.9993328885923949	1.0
9750	2996	1.0	0.9830957818884574	0.9960106382978723	0.9993328885923949	1.0
9780	2996	1.0	0.9833555140148587	0.9963418689723977	0.9993328885923949	1.0
9810	2996	1.0	0.9836073854027916	0.9963418689723977	0.9993328885923949	1.0
9840	2996	1.0	0.9838517475625262	0.9966733200266135	0.9993328885923949	1.0
9870	2996	1.0	0.9840889313772426	0.9966733200266135	0.9996663329996663	1.0
9900	2996	1.0	0.984319248599469	0.9970049916805325	0.9996663329996663	1.0
9930	2996	1.0	0.9845429931624207	0.9970049916805325	0.9996663329996663	1.0
9960	2996	1.0	0.9847604424326095	0.9970049916805325	0.9996663329996663	1.0
9990	2996	1.0	0.9849718584233716	0.9973368841544608	0.9996663329996663	1.0
10020	2996	1.0	0.9851774889648054	0.9973368841544608	0.9996663329996663	1.0
10050	2996	1.0	0.9853775678238896	0.9976689976689976	0.9996663329996663	1.0
10080	2996	1.0	0.9855723257565971	0.9976689976689976	0.9996663329996663	1.0
10110	2996	1.0	0.9857619474968035	0.9976689976689976	0.9996663329996663	1.0
10140	2996	1.0	0.9859466575004493	0.9980013324450366	0.9996663329996663	1.0
10170	2996	1.0	0.9861266364015627	0.9980013324450366	0.9996663329996663	1.0
10200	2996	1.0	0.9863020643921301	0.9980013324450366	0.9996663329996663	1.0
10230	2996	1.0	0.9864731098093489	0.9980013324450366	0.9996663329996663	nan
10260	2996	1.0	0.9866399259327531	0.9983338887037654	0.9996663329996663	nan
10290	2996	1.0	0.9868026992490462	0.9983338887037654	0.9996663329996663	1.0
10320	2996	1.0	0.9869615434971355	0.9983338887037654	0.9996663329996663	1.0
10350	2996	1.0	0.9871166094849166	0.9983338887037654	1.0	1.0
10380	2996	1.0	0.9872680304322812	0.9983338887037654	1.0	1.0
10410	2996	1.0	0.987415933368953	0.9986666666666667	1.0	nan
10440	2996	1.0	0.9875604394761891	0.9986666666666667	1.0	nan
10470	2996	1.0	0.9877016684244362	0.9986666666666667	1.0	1.0
10500	2996	1.0	0.9878397066102726	0.9986666666666667	1.0	1.0
10530	2996	1.0	0.987974711018845	0.9986666666666667	1.0	nan
10560	2996	1.0	0.9881067262338341	0.9986666666666667	1.0	1.0
10590	2996	1.0	0.9882358911481233	0.9989996665555185	1.0	1.0
10620	2996	1.0	0.988362276519955	0.9989996665555185	1.0	1.0
10650	2996	1.0	0.9884859697837762	0.9989996665555185	1.0	1.0
10680	2996	1.0	0.9886070639362997	0.9989996665555185	1.0	nan
10710	2996	1.0	0.9887256467997956	0.9989996665555185	1.0	1.0
10740	2996	1.0	0.988841763079786	0.9989996665555185	1.0	nan
10770	2996	1.0	0.988955531180991	0.9989996665555185	1.0	1.0
10800	2996	1.0	0.9890669977077267	0.9989996665555185	1.0	nan
10830	2996	1.0	0.989176225953996	0.9993328885923949	1.0	nan
10860	2996	1.0	0.9892833144430947	0.9993328885923949	1.0	1.0
10890	2996	1.0	0.9893882942771927	0.9993328885923949	1.0	1.0
10920	2996	1.0	0.9894912373011654	0.9993328885923949	1.0	1.0
10950	2996	1.0	0.9895921922779314	0.9993328885923949	1.0	nan
10980	2996	1.0	0.9896912455927377	0.9993328885923949	1.0	nan
11010	2996	1.0	0.9897884221880732	0.9993328885923949	1.0	1.0
11040	2996	1.0	0.9898837827399837	0.9993328885923949	1.0	1.0
11070	2996	1.0	0.9899773792471405	0.9993328885923949	1.0	nan
11100	2996	1.0	0.990069259698425	0.9993328885923949	1.0	nan
