cut_off	num_rel	true_recall	SWIFT	SWIFT+forget0.1	SWIFT+forget0.2	SWIFT+forget0.5
30	20	0.014684287812041116	0.0003307835435184818	0.00032884460448215195	0.0003291097581043278	0.0003299023489047242
60	47	0.03450807635829662	0.0006478469427137895	0.000643915003219575	0.000643915003219575	0.000643915003219575
90	72	0.05286343612334802	0.001190781367578505	0.0011828681266326045	0.0011828681266326045	0.0011828292618816841
120	93	0.06828193832599119	0.0012821573331127472	0.0012743741178727545	0.0012743741178727545	0.0012743741178727545
150	109	0.08002936857562408	0.003599706079059022	0.003581638353103539	0.0035974784646357967	0.003646094664659642
180	110	0.08076358296622614	0.012011848050122164	0.012145301976371868	0.012494320763289414	0.013627353815659068
210	113	0.08296622613803231	0.020199722112166762	0.019779450376334676	0.019786377166870952	0.019779450376334676
240	115	0.08443465491923642	0.025415392079729215	0.025208241999123193	0.025629596612435926	0.02706519180983761
270	119	0.08737151248164464	0.00978015211652919	0.009674796747967479	0.0097119072880111	0.009821723341036646
300	124	0.09104258443465492	0.005461216827396128	0.005378676151643966	0.005355214856402505	0.005283790693710585
330	130	0.09544787077826726	0.008564957792941062	0.008502845182811171	0.008553194289097966	0.008709050713472232
360	137	0.10058737151248165	0.007532749591108319	0.0074630930980007625	0.007483885065006009	0.007548209366391185
390	140	0.1027900146842878	0.013774443488079931	0.013590913503543346	0.013625304136253041	0.013717421124828532
420	141	0.10352422907488987	0.022916582016726174	0.022956691631390427	0.02348825587206397	0.025246195165622203
450	143	0.10499265785609398	0.02701280506484617	0.026799100449775112	0.027155336118496014	0.028066732090284593
480	147	0.10792951541850221	0.015262670393752906	0.01516714816343376	0.015328467153284672	0.015847347994825355
510	147	0.10792951541850221	0.026997901423596912	0.027481772293886708	0.028621495327102803	0.032579787234042555
540	150	0.11013215859030837	0.03224896198749601	0.031107424305267525	0.030637254901960783	0.028857252789534438
570	154	0.1130690161527166	0.01350569908725979	0.01336921607778453	0.013436872873222231	0.013640389725420726
600	157	0.11527165932452275	0.019677026485777977	0.019289839046565917	0.01925199264255058	0.019095110678666993
630	158	0.11600587371512482	0.027346950918386206	0.02722260509993108	0.027690150718541886	0.029178208679593722
660	162	0.11894273127753303	0.02117180019149904	0.020516717325227963	0.020252531566445804	0.01945945945945946
690	164	0.12041116005873716	0.01968513603130167	0.019713907921625196	0.020098039215686276	0.021320852834113363
720	171	0.12555066079295155	0.011296169309922492	0.011284894080380123	0.011425135297654841	0.01186511240632806
750	173	0.12701908957415564	0.021683155637525646	0.02167648164390427	0.022063512307103687	0.023249563230748557
780	174	0.1277533039647577	0.034633292181046695	0.03463375796178344	0.03541624262161612	0.03773584905660377
810	174	0.1277533039647577	0.04801897832496056	0.04923599320882852	0.0518783542039356	0.061052631578947365
840	177	0.1299559471365639	0.04703631363044638	0.045384615384615384	0.04490106544901065	0.04332925336597307
870	183	0.1343612334801762	0.0033919510669359054	0.003368118822814864	0.003368056833658483	0.003367870879879272
900	186	0.13656387665198239	0.01734365615480483	0.017207882320288647	0.017342657342657344	0.017748091603053434
930	193	0.14170337738619676	0.0035796258085461653	0.0035521036551698754	0.0035497517013058674	0.0035427795216329827
960	202	0.14831130690161526	0.008947034772221455	0.008910061311808036	0.008970601296740386	0.009157675219874876
990	208	0.1527165932452276	0.014887285520522112	0.014833832548851804	0.014985590778097982	0.015448603683897801
1020	213	0.15638766519823788	0.02098677242190097	0.02062754212667054	0.02060559156428364	0.020534078858575146
1050	218	0.16005873715124816	0.017962345123793123	0.017852755712062893	0.018004625041295012	0.018468315825144018
1080	223	0.16372980910425844	0.017170403328675598	0.017039810498968442	0.017151207506537456	0.017476489028213166
1110	226	0.16593245227606462	0.027080683771410475	0.026386456509048452	0.026157407407407407	0.025430403960841678
1140	229	0.16813509544787078	0.02256472578305973	0.022422402819935378	0.022644121427865125	0.023331635252165053
1170	232	0.17033773861967694	0.03025338822077715	0.03001293661060802	0.030326797385620916	0.03127527635481262
1200	237	0.17400881057268722	0.01825880954545064	0.018306812915186158	0.018621827610591654	0.019624078827523393
1230	239	0.17547723935389134	0.03492251589834981	0.03502344665885111	0.03581060833083608	0.038282876822040686
1260	242	0.1776798825256975	0.036621385354992035	0.0358571640242999	0.03579352166839225	0.03552032878320857
1290	247	0.18135095447870778	0.016362898533988517	0.016268194691431207	0.01638909163293743	0.016757123473541385
1320	251	0.184287812041116	0.022051576309083026	0.021898447042400977	0.022079521463757915	0.022635043737036703
1350	255	0.18722466960352424	0.025134502443982125	0.02481993381350983	0.02490234375	0.025130580467133144
1380	261	0.19162995594713655	0.020120425205268154	0.019890260631001373	0.019941931540342298	0.020089285714285716
1410	265	0.1945668135095448	0.024700834784311884	0.0240734011627907	0.023830935251798562	0.023103748910200523
1440	273	0.20044052863436124	0.015121930954358698	0.014993409490333919	0.015046296296296295	0.015210608424336974
1470	276	0.2026431718061674	0.027192788000082214	0.027061476615354445	0.02736737729300942	0.028310595958559854
1500	282	0.20704845814977973	0.015625649337258327	0.015468158630903407	0.015497911628929434	0.015584415584415584
1530	290	0.21292217327459617	0.011302423339796358	0.011205997140538661	0.01122377893025776	0.011279657720731234
1560	293	0.21512481644640236	0.02885491296787686	0.028784752922683957	0.029183266932270916	0.0304289126596739
1590	296	0.2173274596182085	0.04157224771657891	0.041122534037232567	0.04145658263305322	0.04249820531227566
1620	302	0.22173274596182085	0.01674312880289401	0.016626293767892535	0.016710009406296685	0.01696343312924788
1650	307	0.22540381791483113	0.02531854356549823	0.025279973649538868	0.025617489986648864	0.02665624728661978
1680	310	0.2276064610866373	0.03543580322566043	0.03466010733452594	0.03446359088382435	0.03374700631395602
1710	310	0.2276064610866373	0.0592710604282087	0.059375598544340165	0.06080816006276971	0.0654837346852556
1740	310	0.2276064610866373	0.08197550068360113	0.08410200759631037	0.08864741206748641	0.10476512335248395
1770	316	0.23201174743024963	0.010599669598947264	0.01054563657600534	0.010591587062175297	0.010731508524077973
1800	316	0.23201174743024963	0.03615590189522113	0.03673991396349262	0.03799446915955272	0.04213895186024803
1830	320	0.23494860499265785	0.0547395993437411	0.053235734486774246	0.052866347265818604	0.05183865219504293
1860	323	0.23715124816446403	0.042015235115910286	0.0413625304136253	0.04145277207392197	0.04167741935483871
1890	325	0.23861967694566813	0.04059135770689367	0.04060977133574909	0.041374920432845325	0.04380053908355795
1920	328	0.24082232011747431	0.047751922564228444	0.047119666714552505	0.04737830420338004	0.04807974201114043
1950	328	0.24082232011747431	0.07238963025090962	0.07314897413024085	0.07573308704687139	0.08444902162718847
1980	329	0.24155653450807635	0.09147429313228878	0.09231200897867564	0.0956673451584763	0.106645056726094
2010	331	0.24302496328928047	0.09509859502172649	0.0921235736153632	0.09136075075903947	0.08770535241123477
2040	333	0.2444933920704846	0.07349892400465842	0.07119948685054522	0.07061068702290077	0.06892982819292072
2070	339	0.2488986784140969	0.01515596053420837	0.015128525526597644	0.015266831794640846	0.015694444444444445
2100	345	0.2533039647577093	0.01732145098533345	0.017217287154406628	0.017312324367723807	0.017601142798836795
2130	354	0.2599118942731278	0.01777272004629075	0.017693807167491377	0.017819389912413167	0.018207066810677363
2160	357	0.2621145374449339	0.03522475928974104	0.035385072851620576	0.03612629022465088	0.03852795165119793
2190	365	0.26798825256975034	0.018330194601486004	0.0180639414035435	0.018006906758756783	0.017833585772218694
2220	367	0.26945668135095446	0.03426299415441313	0.0343375748502994	0.03495571006762549	0.03689554639589826
2250	372	0.27312775330396477	0.022749826958076966	0.022727272727272728	0.022997032640949554	0.023832404382087256
2280	379	0.27826725403817915	0.02523155275593717	0.02492929027165691	0.024957197418675095	0.025031371772009776
2310	387	0.2841409691629956	0.019446096125129163	0.019314268603084293	0.0194043321299639	0.01967463141840366
2340	396	0.2907488986784141	0.013353678584426203	0.013253899190039494	0.013280123411247862	0.0133589717639915
2370	403	0.2958883994126285	0.024640029348140996	0.02436812190107631	0.024406492248062017	0.02452083967143292
2400	409	0.3002936857562408	0.03161291569279549	0.031544038253894804	0.031923197002809864	0.03309864853928947
2430	417	0.30616740088105726	0.013684180918148275	0.013548198446993079	0.01353896103896104	0.013509135674484904
2460	419	0.3076358296622614	0.038320308392099746	0.03775455036943593	0.03775455036943593	0.03765953622146324
2490	425	0.3120411160058737	0.013954819220651574	0.013815746700474611	0.01380587318087318	0.013772765571326723
2520	429	0.31497797356828194	0.037721228907941405	0.03757554523955505	0.03799822852081488	0.03932172318973419
2550	432	0.31718061674008813	0.05592368746903978	0.055612770339855816	0.056330681966358064	0.058623965259872436
2580	436	0.3201174743024963	0.05643510690886639	0.05540729444656246	0.0554002541296061	0.05542842613780829
2610	444	0.32599118942731276	0.027169332699396243	0.026766337111164697	0.026703554459613883	0.026516961299569996
2640	448	0.328928046989721	0.039391000190031826	0.03881812667879733	0.03882821979545849	0.03885179082473333
2670	454	0.3333333333333333	0.027787437785926777	0.02731155627744691	0.02718562874251497	0.026808385001476233
2700	458	0.33627019089574156	0.04026805069818965	0.04004546646847949	0.040423654015887024	0.04155702749296797
2730	464	0.3406754772393539	0.03587493476444927	0.03557736543474927	0.035783141821547	0.03641786358998509
2760	467	0.34287812041116006	0.053209411344175256	0.052266368214885284	0.052196266905107855	0.05186583740559751
2790	470	0.34508076358296624	0.04870267101222245	0.04835390946502058	0.04879061559223503	0.050117295798677755
2820	475	0.3487518355359765	0.034205314979971424	0.03379339783722254	0.03384155029923055	0.033972250035760265
2850	481	0.35315712187958886	0.016290037169117526	0.01620619946091644	0.01627584339999323	0.016486153002467783
2880	484	0.355359765051395	0.05264231234619935	0.05198711063372718	0.05218891524692689	0.05274629468177855
2910	484	0.355359765051395	0.08865976773936662	0.08957986303905238	0.09250764525993883	0.10230395265271612
2940	485	0.35609397944199705	0.11361639824697162	0.11498340445708867	0.11910609037328095	0.13215258855585832
2970	487	0.3575624082232012	0.12277671851807347	0.12063413425811247	0.12123475230271347	0.12217762167586553
3000	492	0.36123348017621143	0.030181608291838698	0.03017479300827967	0.030553313047258276	0.03173988774917747
3030	494	0.36270190895741555	0.0663345454105795	0.06624647981762102	0.06735751295336788	0.07071285427998855
3060	497	0.36490455212922174	0.07415202871183982	0.0731420161883738	0.07355335207932515	0.07483812678813431
3090	498	0.3656387665198238	0.08644400786068951	0.08633841886269071	0.08797032326444092	0.09273743016759776
3120	503	0.36930983847283405	0.03898264270473809	0.038832702848760906	0.03922944938387147	0.040421086467373836
3150	504	0.3700440528634361	0.07768538376452877	0.07834602829162132	0.08060131137054213	0.08797346831907837
3180	504	0.3700440528634361	0.11335771927897259	0.11688311688311688	0.1234991423670669	0.14668218859138532
3210	505	0.3707782672540382	0.14452242962115566	0.14714452214452214	0.15363553392150897	0.17371861025111798
3240	507	0.3722466960352423	0.15353393264696305	0.14942528735632185	0.1487676056338028	0.14382978723404255
3270	509	0.3737151248164464	0.10751868078692395	0.10406869760785116	0.10295307443365696	0.0994140625
3300	513	0.3766519823788546	0.04795091093586638	0.04706853839801817	0.04691358024691358	0.04639594826806548
3330	514	0.37738619676945667	0.07676982122594608	0.07618200681784497	0.0770730244414455	0.07991293532338309
3360	522	0.3832599118942731	0.023569451146821272	0.023396530859217425	0.023478612872756714	0.023730508705732598
3390	527	0.3869309838472834	0.040919439507277576	0.04026281610512644	0.04017074472139645	0.03983371126228269
3420	530	0.3891336270190896	0.04954292391283125	0.04926566276259528	0.04974190520882215	0.05116323969495125
3450	536	0.3935389133627019	0.03589095426112168	0.03568337660608482	0.03594902749832327	0.03678792038435141
3480	541	0.39720998531571217	0.03912972117390943	0.0386870709382151	0.038767466857757074	0.03898256232886583
3510	543	0.3986784140969163	0.06472218384657358	0.06429840142095915	0.06497546966614814	0.06696263411024787
3540	547	0.40161527165932454	0.07343168973575849	0.07259455872594558	0.07309902445543232	0.07471656877475755
3570	550	0.40381791483113066	0.06276235888746205	0.06202774331792038	0.062351207346105886	0.06329113924050633
3600	555	0.40748898678414097	0.05188698700818938	0.05151768309663046	0.051946836390864844	0.053232303855745254
3630	560	0.4111600587371512	0.02224145023343065	0.022118650762303498	0.0222231040914322	0.022543375870536612
3660	566	0.4155653450807636	0.03793470338407734	0.03768308921438083	0.03792803055685854	0.03866120218579235
3690	571	0.41923641703377384	0.044368837469220435	0.043963658761934095	0.044177949709864606	0.044812431329461624
3720	572	0.4199706314243759	0.08791115609960884	0.08768971332209106	0.08917991892734643	0.09393989160781738
3750	576	0.42290748898678415	0.0686087401428497	0.06666666666666667	0.06588881262868909	0.06357615894039735
3780	579	0.4251101321585903	0.0541432543715648	0.05404648557826939	0.054788039364118093	0.05710059171597633
3810	582	0.42731277533039647	0.07804642448195412	0.07732164208848147	0.07800562927221552	0.08015424872607078
3840	589	0.43245227606461084	0.02669469080454771	0.026436265709156193	0.02646715197267907	0.026559047661992154
3870	593	0.4353891336270191	0.052357552196719975	0.05179491658660145	0.05200385863369289	0.052622237998047744
3900	599	0.4397944199706314	0.03696669967463553	0.03655782728104974	0.03660921647720328	0.03675072090312289
3930	604	0.4434654919236417	0.05646551605681818	0.05589487321858227	0.05618082038880104	0.05700802265219443
3960	610	0.447870778267254	0.03765167987687471	0.03752229808697792	0.03786938167370251	0.03893285677814654
3990	615	0.45154185022026433	0.04782337013173253	0.047347755793363616	0.0475417439703154	0.048091961213637784
4020	620	0.4552129221732746	0.05148005148060917	0.050657733474957105	0.05057096247960848	0.0502757054816737
4050	625	0.4588839941262849	0.03520581318410585	0.03482282148428794	0.034861668897813475	0.034970904207699195
4080	630	0.46255506607929514	0.04899387576605081	0.04843918191603875	0.04856614246068455	0.04895485274691118
4110	633	0.4647577092511013	0.06888390124464394	0.06838807260155574	0.06901439162668993	0.07087672153174336
4140	635	0.46622613803230545	0.09110110321483302	0.09017324623686453	0.09090909090909091	0.0929177641205736
4170	639	0.46916299559471364	0.05973916701788738	0.0583029197080292	0.05777054515866558	0.056185702980743865
4200	642	0.4713656387665198	0.060027555255527776	0.05959896026735982	0.060072985870684006	0.061458931648477884
4230	644	0.47283406754772395	0.08926729274079284	0.08922139096702687	0.09085778781038374	0.09607638370878711
4260	645	0.473568281938326	0.1312626397562556	0.13203684749232344	0.13581806696146556	0.14841233317993557
4290	648	0.47577092511013214	0.11975399373681524	0.11637931034482758	0.11515905455837924	0.10994231421784866
4320	653	0.47944199706314244	0.04040262001153829	0.03998775260257195	0.04007856134536304	0.040355973054817376
4350	657	0.48237885462555063	0.06147063922595777	0.060308426656875344	0.06006582556226001	0.059301380991064176
4380	660	0.4845814977973568	0.07187487238126351	0.07172353836122582	0.07274330430948969	0.07581849511774842
4410	662	0.48604992657856094	0.1012683601013111	0.09963877182420229	0.09996979764421625	0.1011459129106188
4440	663	0.486784140969163	0.1076888002828313	0.1083864639529181	0.11126027857022991	0.12021758839528558
4470	664	0.48751835535976507	0.14931973969300857	0.15005649717514125	0.15420343706456108	0.16696002011566508
4500	665	0.4882525697503671	0.17956290609061729	0.17963263101026472	0.1840066408411732	0.19662921348314608
4530	668	0.49045521292217326	0.13577408249958728	0.13039234823345697	0.1278468899521531	0.1198421241478292
4560	671	0.49265785609397944	0.06633329763572106	0.06546341463414634	0.06560422369964802	0.06594594594594595
4590	674	0.4948604992657856	0.07349753963169446	0.07210869797796084	0.07189333333333334	0.07118715673848754
4620	679	0.4985315712187959	0.045775152317326186	0.045436295503211994	0.04569621105054176	0.04648138006571741
4650	685	0.5029368575624082	0.04618042365263077	0.045804078903376795	0.04603804019087304	0.04676725609339796
4680	694	0.5095447870778267	0.03549902386213385	0.03511968017812864	0.03514457892338076	0.035212339540311534
4710	703	0.5161527165932452	0.01362634167615833	0.013528857071377711	0.013528857071377711	0.01352807604972482
4740	705	0.5176211453744494	0.06601941747642996	0.0661847540368006	0.06738029245914173	0.07108287961282517
4770	708	0.5198237885462555	0.10805775500914339	0.10640216411181244	0.10678733031674208	0.10802563320109856
4800	711	0.5220264317180616	0.09151241585103322	0.09012549119026493	0.09030864981582624	0.09073506891271056
4830	720	0.5286343612334802	0.02081797284992118	0.02060498526171193	0.020572604148808505	0.020476068594829793
4860	729	0.5352422907488987	0.02926778908621414	0.02899184728574269	0.029013770596195178	0.029078579976067012
4890	738	0.5418502202643172	0.038450061810164554	0.0378131885023313	0.03761851360995005	0.03703331995182658
4920	744	0.5462555066079295	0.038089062193583614	0.03797274536824376	0.038297215215936584	0.03929231581726961
4950	746	0.5477239353891337	0.08111009935009134	0.08088474466008891	0.08200505661206992	0.08552103634070847
4980	747	0.5484581497797357	0.12732724357039818	0.12826236263736263	0.1318623124448367	0.14362622572582195
5010	749	0.5499265785609398	0.1538631119882609	0.15201948447331032	0.1533265097236438	0.1562043795620438
5040	753	0.552863436123348	0.07432693652367205	0.07244564171637483	0.07171428571428572	0.06951624815361891
5070	758	0.5565345080763583	0.03886083412393354	0.03856525057237344	0.038714949690995454	0.03917717593549721
5100	761	0.5587371512481645	0.08277474880691785	0.08253796095444685	0.08365395185225899	0.08704106142056503
5130	767	0.5631424375917768	0.055844770468946814	0.05529920692141312	0.055503292568203196	0.056108266276517924
5160	769	0.5646108663729809	0.0912412613991994	0.09011014764471525	0.09048123308624544	0.09136271830818582
5190	775	0.5690161527165932	0.048176770602687165	0.04739481409001957	0.04721291501675297	0.04667268894911172
5220	778	0.5712187958883994	0.07679463029935561	0.07602110611686536	0.07644689004618258	0.0777300429613348
5250	780	0.5726872246696035	0.1001082895802243	0.10025706940874037	0.10220125786163523	0.10834838171968329
5280	787	0.577826725403818	0.044697496770094707	0.04451609253917077	0.04487398791196259	0.04597499707909802
5310	790	0.580029368575624	0.0936889344097593	0.09267949319568278	0.09323734214563908	0.0948948948948949
5340	796	0.5844346549192364	0.052366698155794686	0.05159115950482857	0.05147439213657527	0.051051821446895844
5370	797	0.5851688693098385	0.11355882562695217	0.1137271689497717	0.11602853399330325	0.12337461300309598
5400	802	0.5888399412628488	0.06268055970433342	0.06155499270857318	0.061296239682054415	0.060514600467818605
5430	810	0.5947136563876652	0.054745913065919694	0.0542568155938107	0.05447941888619855	0.05513955071477195
5460	811	0.5954478707782672	0.11166155206683909	0.11231131422240687	0.11508443309209593	0.1241579914268218
5490	815	0.5983847283406755	0.12354132636635672	0.12013561320754718	0.11904761904761904	0.11583285957930642
5520	819	0.6013215859030837	0.0890302066784542	0.08768736616702355	0.08776253750535791	0.08794158702888435
5550	821	0.6027900146842878	0.12066209836198345	0.11966185687217606	0.12093091766092208	0.12505712109672507
5580	825	0.6057268722466961	0.10966223884498016	0.10856691669956574	0.10937292854302001	0.11171293161814488
5610	827	0.6071953010279001	0.10994270071277866	0.10907412292271168	0.11014917421417154	0.11339640751405457
5640	828	0.6079295154185022	0.14403351905075223	0.14465408805031446	0.14822771213748656	0.1595683175949123
5670	833	0.6116005873715125	0.0974133161831471	0.09390147672190283	0.09202386212991603	0.08649153774270585
5700	834	0.6123348017621145	0.08659087452067847	0.08711092542302068	0.08907401473886575	0.09541242420775654
5730	836	0.6138032305433186	0.13801820672581785	0.1396125584502338	0.14398897692042714	0.15752779348030901
5760	843	0.6189427312775331	0.05260515499929259	0.05182908084844759	0.05170827455069619	0.05133357690902448
5790	844	0.6196769456681351	0.10417544320978335	0.10409472126295018	0.10584399297717582	0.11137503299023489
5820	845	0.6204111600587372	0.14689453435144556	0.1482196105946325	0.15252707581227437	0.16624040920716113
5850	850	0.6240822320117474	0.05989205282205632	0.05862068965517241	0.05813953488372093	0.05668178180848226
5880	853	0.6262848751835536	0.080026048062825	0.07915738678544915	0.07948932997856677	0.08043375766148043
5910	860	0.631424375917768	0.03965246459103337	0.03926761335098854	0.03930889478014444	0.039429645591673924
5940	865	0.6350954478707783	0.0632461086352958	0.06314790480362097	0.06391783048843568	0.066344531369842
5970	873	0.6409691629955947	0.05920199374455278	0.058629952988582944	0.058827493261455525	0.05941200489995917
6000	882	0.6475770925110133	0.05509228895389453	0.05444444444444444	0.054484803558191255	0.054613003095975235
6030	886	0.6505139500734214	0.08303677996883786	0.08238794867026222	0.0829976580796253	0.08486590038314176
6060	895	0.6571218795888399	0.05108374595145618	0.051107811786203744	0.05175504539409009	0.05377959379882226
6090	897	0.6585903083700441	0.11043929963392923	0.11065877128053293	0.11278762731044889	0.11945665201757891
6120	903	0.6629955947136564	0.046645372913583526	0.04618217153377998	0.046255506607929514	0.0464793082149475
6150	907	0.6659324522760646	0.07573796501269175	0.07525721871888483	0.07585514761227732	0.07760759818601866
6180	914	0.671071953010279	0.05220097948227365	0.05174951874079946	0.05191412018630012	0.05237822349570201
6210	921	0.6762114537444934	0.02172663016074416	0.02159842408892641	0.021640546065462063	0.021768932589581166
6240	922	0.6769456681350955	0.09098759035965293	0.0919976052684095	0.09449625909603361	0.10258121940364931
6270	928	0.6813509544787077	0.07269492137194603	0.07197145959360943	0.07224038611240853	0.07296744771190439
6300	931	0.6835535976505139	0.08250414708601381	0.08228015908086611	0.08328115216030056	0.08636363636363636
6330	931	0.6835535976505139	0.14843253657052283	0.1510873093151574	0.15683962264150944	0.17599243856332702
6360	933	0.6850220264317181	0.1951109198264652	0.1951474586906505	0.1992738146091414	0.2114208021753909
6390	935	0.6864904552129222	0.21688344104079013	0.21158633174926453	0.2109181141439206	0.20828692359100023
6420	937	0.6879588839941263	0.19224596801541538	0.1925606247431155	0.19697288206853059	0.21056179775280898
6450	945	0.6938325991189427	0.04894048595255255	0.04845656855707107	0.048531224322103536	0.048771676300578035
6480	949	0.6967694566813509	0.07933124347000016	0.07785708425629666	0.0775136812872662	0.07649524423665968
6510	953	0.6997063142437592	0.0893461314695064	0.0883962526667285	0.08879157737817944	0.09005859005859006
6540	962	0.7063142437591777	0.03378906421515008	0.033506321618891714	0.03354604735502319	0.03366343563005214
6570	969	0.711453744493392	0.044879421291861024	0.044376259388166334	0.044360007324665815	0.04430727023319616
6600	975	0.7158590308370044	0.08146384258763577	0.08082566525739866	0.08134490238611713	0.08283068558321298
6630	980	0.7195301027900147	0.07684229686785055	0.07648482010458128	0.0771957463568334	0.07942940508996596
6660	981	0.7202643171806168	0.13850172068515615	0.13914893617021276	0.14238026124818579	0.15277994081918705
6690	985	0.7232011747430249	0.1108046328726491	0.10777984462194988	0.10655560363479014	0.10286131996658313
6720	990	0.7268722466960352	0.08275170366241885	0.08187231227257691	0.08216449497883642	0.08301190675834312
6750	996	0.7312775330396476	0.05708145282651792	0.05701854820242729	0.05764889737801702	0.059612161838640175
6780	998	0.7327459618208517	0.12248240991590739	0.1222739524626317	0.12411391617957965	0.12966090684682344
6810	998	0.7327459618208517	0.18746277085570187	0.19096823574435515	0.1985674492638281	0.2237166554584174
6840	998	0.7327459618208517	0.24353062780341977	0.25259427992913186	0.2681354110693176	0.3216242346116661
6870	1001	0.7349486049926579	0.24763436205907552	0.24079865287466923	0.2387881679389313	0.2300091911764706
6900	1006	0.7386196769456681	0.041134499064100626	0.04068262698155937	0.040649749474705024	0.040543263611816385
6930	1010	0.7415565345080763	0.08965947707980483	0.089356807927099	0.09038031319910514	0.09362254356692622
6960	1015	0.7452276064610867	0.0797362699033145	0.07808893675950146	0.07754010695187166	0.07588785046728971
6990	1018	0.7474302496328928	0.0954900722006627	0.09564073656520106	0.09725804910671634	0.10237329042638778
7020	1021	0.749632892804699	0.13942336730852123	0.1364061456245825	0.13575322430527856	0.13327241874428924
7050	1024	0.7518355359765051	0.11114879991461322	0.1109906785172339	0.11265126512651265	0.11795876051146181
7080	1027	0.7540381791483113	0.1448507690767599	0.14363636363636365	0.14499505859099251	0.14912153332365327
7110	1029	0.7555066079295154	0.15424216345588543	0.15464382326420198	0.15794320798158096	0.16855036855036856
7140	1029	0.7555066079295154	0.2168094872168023	0.2216716932356743	0.23160027008777853	0.26534296028880866
7170	1034	0.7591776798825257	0.08134709348311066	0.08060492672279389	0.0809773670608505	0.08206349206349206
7200	1040	0.7635829662261381	0.07641764049287271	0.07567488903441752	0.0759567630733275	0.076843505246047
7230	1047	0.7687224669603524	0.0714303988543577	0.07100230571002306	0.07150174144642492	0.07302273678337286
7260	1053	0.7731277533039648	0.060592982607977845	0.05953188602442334	0.05920053972002024	0.05820573765960975
7290	1062	0.7797356828193832	0.03151569107504819	0.03121601363863496	0.03119217552207243	0.03112087912087912
7320	1068	0.7841409691629956	0.08397428877198282	0.08350926577527562	0.08420056764427625	0.08625424002584396
7350	1075	0.78928046989721	0.05010851990523836	0.049886305629031506	0.050210182157870153	0.05120754537226695
7380	1081	0.7936857562408223	0.062211351701734655	0.06144489285511283	0.06142394454230354	0.06135770234986945
7410	1085	0.7966226138032305	0.10706796595671023	0.10530913326215666	0.10515603799185888	0.10452793834296724
7440	1092	0.801762114537445	0.06285886974916893	0.06245353159851301	0.06279832077750302	0.0638148667601683
7470	1104	0.8105726872246696	0.02642041120355408	0.026202117055109886	0.026192170818505337	0.026162377363856106
7500	1109	0.8142437591776799	0.09278393710488535	0.09178943883463003	0.09210198488497633	0.09291219839142091
7530	1112	0.8164464023494861	0.1041648873311804	0.10325935555761909	0.1038863976083707	0.10562310030395136
7560	1115	0.8186490455212923	0.10992893234334121	0.1086638729168697	0.10905712050078248	0.11012345679012346
7590	1118	0.8208516886930984	0.1315128847445571	0.12984901277584204	0.13031821890663248	0.13168433451118963
7620	1120	0.8223201174743024	0.1618893979512245	0.16057347670250896	0.16217781639154358	0.16738903004035272
7650	1124	0.8252569750367107	0.1425389755032144	0.1399925270893013	0.13985317904690805	0.13954065797641216
7680	1125	0.8259911894273128	0.1722356183293895	0.17302368501999385	0.1771095717884131	0.19048425330172705
7710	1134	0.8325991189427313	0.05922237986236253	0.05876561123490698	0.05898876404494382	0.05965909090909091
7740	1138	0.8355359765051396	0.09529791129007371	0.09353937202038468	0.09311078383243332	0.0917372027408303
7770	1143	0.8392070484581498	0.08990923112021448	0.08863900736719658	0.08859778311758779	0.08846749226006193
7800	1146	0.8414096916299559	0.11301125017605725	0.11211113285071414	0.11292865589278675	0.11530335043766979
7830	1152	0.8458149779735683	0.06125734174490988	0.06032677000418936	0.06009703166571026	0.059399814375580076
7860	1159	0.8509544787077826	0.07917545492640878	0.07772263948497854	0.0772924308102701	0.07599501672021507
7890	1163	0.8538913362701909	0.08751722548649718	0.08534527041902105	0.08436094588713187	0.08143117210474723
7920	1167	0.8568281938325991	0.10357538087857644	0.10291912867095863	0.10379791870497199	0.10655588020452886
7950	1172	0.8604992657856094	0.13222341308707242	0.12884784520668427	0.1275854561288918	0.12379845780078166
7980	1175	0.8627019089574156	0.09346428520267072	0.09199812088944566	0.09178970392938052	0.09103587200743782
8010	1177	0.8641703377386197	0.1594024362004924	0.15743713215623328	0.15822019088587175	0.1605510844359569
8040	1177	0.8641703377386197	0.2302782741952023	0.23210412147505424	0.23883928571428573	0.26132326820603907
8070	1178	0.8649045521292217	0.26363157437399654	0.2662748643761302	0.27452808203216034	0.2998218376177144
8100	1180	0.8663729809104258	0.27575978878448737	0.2716390423572744	0.272895467160037	0.273972602739726
8130	1182	0.8678414096916299	0.28754353373978125	0.2751396648044693	0.2685143116765107	0.24774680360511422
8160	1187	0.8715124816446402	0.05569550465277022	0.05507098450403637	0.05505055189685558	0.05498679760967249
8190	1191	0.8744493392070485	0.10587637200186921	0.10430898581187599	0.10426332837258163	0.1041265955586641
8220	1193	0.8759177679882526	0.13476201618557185	0.13480225988700564	0.1370319320009189	0.1438042430086789
8250	1194	0.8766519823788547	0.20630160316943474	0.2066458982346833	0.21091679915209327	0.2240570463501595
8280	1196	0.8781204111600588	0.2466829015682638	0.24108042733319895	0.2402088772845953	0.23636363636363636
8310	1197	0.8788546255506607	0.2634587210940637	0.25942782834850453	0.2607843137254902	0.2645888594164456
8340	1200	0.8810572687224669	0.19784914003498486	0.19442644199611148	0.1946787800129786	0.19563090968373004
8370	1204	0.8839941262848752	0.14167319639408002	0.13990239367882873	0.14047369035118423	0.14235043745566328
8400	1205	0.8847283406754772	0.17888634357052144	0.1803622212243676	0.18527060270602705	0.20120220404074135
8430	1208	0.8869309838472834	0.2225848136733175	0.21703197987782968	0.21563727240271333	0.2105997210599721
8460	1211	0.8891336270190896	0.17463902287368877	0.1728518412789038	0.1741944764096663	0.17837678597731624
8490	1216	0.8928046989720999	0.09607142151826412	0.09512633966987405	0.09549238259776975	0.09657692002223811
8520	1219	0.895007342143906	0.1321534562915735	0.13037433155080214	0.13066781005466824	0.13140023714562898
8550	1226	0.9001468428781204	0.0777230590127768	0.07760967272266886	0.07847906798105236	0.08120280831898265
8580	1231	0.9038179148311307	0.07804903353735723	0.07708202880400751	0.07708685578307972	0.07712066157123168
8610	1238	0.908957415565345	0.058333799619170845	0.05785317070891163	0.05800496649955489	0.05847069380815189
8640	1239	0.9096916299559471	0.14571756196753147	0.1462637232912289	0.14925912540657751	0.15870372742410657
8670	1245	0.9140969162995595	0.08553394306386411	0.08557877371459995	0.08675353633893108	0.09042050984094706
8700	1251	0.9185022026431718	0.08594763103039237	0.08555601148953632	0.08628181253879579	0.08854129803949325
8730	1260	0.9251101321585903	0.0594138190177269	0.059010865492693895	0.059252292499412176	0.05997429672997287
8760	1268	0.9309838472834068	0.08041487340776643	0.0799445180001261	0.0804823865439543	0.08216160176245707
8790	1275	0.9361233480176211	0.05061708177636182	0.0499529854254819	0.04979496192149971	0.04932110943483811
8820	1280	0.9397944199706314	0.10108730908637317	0.10038428358560113	0.10106592972759573	0.10315093883471674
8850	1284	0.9427312775330396	0.12671782092876843	0.1253661394258934	0.12590704059619534	0.1274694728482081
8880	1287	0.9449339207048458	0.14512738314813706	0.14379888268156424	0.1448019801980198	0.14794804000459824
8910	1294	0.9500734214390602	0.06108113370669754	0.06062025672257097	0.06082256169212691	0.061411418537326186
8940	1297	0.9522760646108663	0.12174940572122224	0.1207859936673496	0.12158995031405269	0.12387774594078318
8970	1304	0.9574155653450808	0.07580624064462255	0.07509357903829542	0.07528868360277136	0.07586247018442027
9000	1311	0.9625550660792952	0.09686522247016766	0.09564456117312323	0.0957004160887656	0.09583333333333334
9030	1314	0.9647577092511013	0.12961455944527103	0.12876041156295934	0.1298547287281352	0.1330767672675714
9060	1320	0.9691629955947136	0.0975484971228633	0.09577015163607343	0.09529309846953508	0.09386332930384697
9090	1327	0.9743024963289281	0.09120196561950528	0.09025368972318575	0.0904752164723529	0.09109631358550148
9120	1328	0.9750367107195301	0.17309471769614382	0.1730067743616467	0.17587074559660973	0.18472666573932398
9150	1331	0.9772393538913363	0.2065233984979827	0.20136157337367624	0.19984984984984985	0.19504689331770222
9180	1336	0.9809104258443465	0.10557896549104492	0.10529634300126103	0.10648812370476646	0.11020374494762022
9210	1339	0.9831130690161527	0.16279678286676333	0.16053231027454742	0.1608794905683047	0.16165640468429313
9240	1342	0.9853157121879589	0.1511224793500796	0.15044843049327355	0.15222323049001815	0.15784521289108444
9270	1344	0.986784140969163	0.19764355095472574	0.19534883720930232	0.19637638807714786	0.19861090586670607
9300	1348	0.9897209985315712	0.13301428324904668	0.1318724320093915	0.1327424913835549	0.13534136546184738
9330	1358	0.9970631424375918	0.05416913894802974	0.05355945572865312	0.053487730907085744	0.05326952496763818
9360	1362	1.0	0.12116966087965347	0.12150950129360336	0.12363834422657952	0.13043478260869565
9390	1362	1.0	0.21081801543500586	0.21530192854884603	0.22401315789473683	0.2529717682020802
9420	1362	1.0	0.28386956463428686	0.2945501730103806	0.3120274914089347	0.37111716621253404
9450	1362	1.0	0.3445427288339196	0.3624268227780734	0.3893653516295026	0.48059280169371915
9480	1362	1.0	0.39573799448693725	0.42115027829313545	0.4576612903225806	0.578343949044586
9510	1362	1.0	0.4395153140120246	0.4724245577523413	0.5178707224334601	0.6627737226277373
9540	1362	1.0	0.47737800719029294	0.5174772036474165	0.5710691823899371	0.7334410339256866
9570	1362	1.0	0.5104489038277968	0.5575112566516578	0.6182478438492964	0.7914003486345148
9600	1362	1.0	0.539583497219298	0.5929473225946887	0.6602035870092099	0.8381538461538461
9630	1362	1.0	0.5654450924996685	0.6247706422018349	0.6973886328725039	0.8747591522157996
9660	1362	1.0	0.5885559434625213	0.6535508637236085	0.7302949061662198	0.9037823490378235
9690	1362	1.0	0.6093327124112475	0.6793017456359102	0.7596207473508088	0.9259007477906186
9720	1362	1.0	0.628111982636394	0.7027863777089783	0.7854671280276817	0.943213296398892
9750	1362	1.0	0.6451686770933945	0.7240829346092504	0.8083086053412463	0.9564606741573034
9780	1362	1.0	0.6607293498363375	0.7434497816593887	0.8289713937918441	0.9666430092264017
9810	1362	1.0	0.6749825844329743	0.7608938547486034	0.8475420037336652	0.9742489270386266
9840	1362	1.0	0.6880864844858263	0.7773972602739726	0.8636651870640456	0.9798561151079137
9870	1362	1.0	0.7001747108088866	0.7923211169284468	0.8781431334622823	0.9841040462427746
9900	1362	1.0	0.711360934477467	0.8059171597633136	0.8907782864617397	0.9876722262509064
9930	1362	1.0	0.7217425162775167	0.8185096153846154	0.9025844930417495	0.9905454545454545
9960	1362	1.0	0.7314031680537417	0.8304878048780487	0.9128686327077749	0.9927113702623906
9990	1362	1.0	0.7404155635806599	0.8412600370599135	0.9221394719025051	0.9941605839416059
10020	1362	1.0	0.7488427313671403	0.85125	0.930327868852459	0.9948867786705624
10050	1362	1.0	0.7567400348716516	0.8603916614024005	0.9373709566414316	0.9963423555230432
10080	1362	1.0	0.7641558217671146	0.8691767708998086	0.9438669438669439	0.9970717423133236
10110	1362	1.0	0.771132802488158	0.8770122343850612	0.9497907949790795	0.9978021978021978
10140	1362	1.0	0.7777088310951733	0.8844155844155844	0.9544498948843728	0.9978021978021978
10170	1362	1.0	0.7839175552341088	0.8913612565445026	0.9591549295774648	0.998533724340176
10200	1362	1.0	0.7897888911500576	0.8978246539222149	0.9632248939179632	0.998533724340176
10230	1362	1.0	0.7953496235943913	0.9037823490378235	0.9673295454545454	0.998533724340176
10260	1362	1.0	0.8006236542690167	0.9092122830440588	0.9707769066286529	0.9992663242846662
10290	1362	1.0	0.8056326855830667	0.9147078576225655	0.9735525375268048	0.9992663242846662
10320	1362	1.0	0.8103962992411875	0.9196488858879136	0.9763440860215054	0.9992663242846662
10350	1362	1.0	0.8149319058275197	0.9240162822252375	0.978448275862069	0.9992663242846662
10380	1362	1.0	0.8192556151345741	0.9284253578732107	0.980561555075594	0.9992663242846662
10410	1362	1.0	0.8233819088248154	0.9328767123287671	0.9826839826839827	0.9992663242846662
10440	1362	1.0	0.8273240000211989	0.936726272352132	0.9841040462427746	1.0
10470	1362	1.0	0.8310938515143744	0.9399585921325052	0.9855282199710564	1.0
10500	1362	1.0	0.8347028353940763	0.943213296398892	0.9869565217391304	1.0
10530	1362	1.0	0.8381607119979694	0.9464906184850591	0.988388969521045	1.0
10560	1362	1.0	0.841476881302137	0.9497907949790795	0.9891067538126361	1.0
10590	1362	1.0	0.8446598792898894	0.9524475524475524	0.9905454545454545	1.0
10620	1362	1.0	0.8477175585115332	0.9551192145862553	0.9912663755458515	1.0
10650	1362	1.0	0.8506572093511913	0.9571328179901616	0.9919883466860888	1.0
10680	1362	1.0	0.8534855071387131	0.959830866807611	0.9927113702623906	1.0
10710	1362	1.0	0.8562086687655307	0.961864406779661	0.9934354485776805	1.0
10740	1362	1.0	0.8588325117928679	0.9639065817409767	0.9941605839416059	1.0
10770	1362	1.0	0.8613621951223867	0.9659574468085106	0.9941605839416059	1.0
10800	1362	1.0	0.8638028970007756	0.9673295454545454	0.9948867786705624	1.0
10830	1362	1.0	0.8661591463543523	0.9693950177935943	0.9956140350877193	1.0
10860	1362	1.0	0.8684351815850709	0.9707769066286529	0.9956140350877193	1.0
10890	1362	1.0	0.8706351496575145	0.9721627408993576	0.9963423555230432	1.0
10920	1362	1.0	0.8727627756211846	0.9735525375268048	0.9963423555230432	1.0
10950	1362	1.0	0.8748214921876973	0.9749463135289907	0.9963423555230432	1.0
10980	1362	1.0	0.8768146948669863	0.9763440860215054	0.9970717423133236	1.0
11010	1362	1.0	0.8787454170349764	0.9777458722182341	0.9970717423133236	1.0
11040	1362	1.0	0.8806165367518898	0.9791516894320632	0.9970717423133236	1.0
11070	1362	1.0	0.882430782894775	0.9798561151079137	0.9978021978021978	1.0
11100	1362	1.0	0.8841907198705564	0.9812680115273775	0.9978021978021978	1.0
11130	1362	1.0	0.8858987436626603	0.9819754866618601	0.9978021978021978	1.0
11160	1362	1.0	0.8875571178254553	0.9826839826839827	0.9978021978021978	1.0
11190	1362	1.0	0.8891679762820935	0.9833935018050541	0.998533724340176	1.0
11220	1362	1.0	0.8907333352874398	0.9848156182212582	0.998533724340176	1.0
11250	1362	1.0	0.8922551197868814	0.9855282199710564	0.998533724340176	1.0
11280	1362	1.0	0.8937350364772606	0.9862418537291817	0.998533724340176	1.0
11310	1362	1.0	0.8951748810483043	0.9869565217391304	0.998533724340176	1.0
11340	1362	1.0	0.8965762286114348	0.9869565217391304	0.998533724340176	nan
11370	1362	1.0	0.8979406028102368	0.9876722262509064	0.998533724340176	nan
11400	1362	1.0	0.8992694412510248	0.988388969521045	0.9992663242846662	nan
11430	1362	1.0	0.9005641337147088	0.9891067538126361	0.9992663242846662	1.0
11460	1362	1.0	0.9018259694789171	0.9898255813953488	0.9992663242846662	nan
11490	1362	1.0	0.9030561643925855	0.9898255813953488	0.9992663242846662	1.0
11520	1362	1.0	0.904255940461248	0.9905454545454545	0.9992663242846662	1.0
11550	1362	1.0	0.9054263398907036	0.9912663755458515	0.9992663242846662	nan
11580	1362	1.0	0.9065684913995044	0.9912663755458515	0.9992663242846662	1.0
11610	1362	1.0	0.9076834301961372	0.9919883466860888	0.9992663242846662	nan
11640	1362	1.0	0.9087719145201056	0.9919883466860888	0.9992663242846662	nan
11670	1362	1.0	0.909835209960796	0.9927113702623906	0.9992663242846662	1.0
11700	1362	1.0	0.91087394118606	0.9927113702623906	0.9992663242846662	1.0
11730	1362	1.0	0.911889005483804	0.9934354485776805	0.9992663242846662	nan
11760	1362	1.0	0.9128812264500646	0.9934354485776805	0.9992663242846662	1.0
11790	1362	1.0	0.9138513647898177	0.9941605839416059	0.9992663242846662	1.0
11820	1362	1.0	0.9148001224249421	0.9941605839416059	0.9992663242846662	1.0
11850	1362	1.0	0.9157280869423282	0.9941605839416059	0.9992663242846662	1.0
11880	1362	1.0	0.9166361405670572	0.9948867786705624	1.0	nan
11910	1362	1.0	0.9175248872653217	0.9948867786705624	1.0	1.0
11940	1362	1.0	0.9183948799567568	0.9948867786705624	1.0	1.0
11970	1362	1.0	0.9192466258424803	0.9956140350877193	1.0	nan
12000	1362	1.0	0.9200808612856701	0.9956140350877193	1.0	1.0
12030	1362	1.0	0.9208980255750511	0.9956140350877193	1.0	nan
12060	1362	1.0	0.9216986278603919	0.9956140350877193	1.0	1.0
12090	1362	1.0	0.922483183557729	0.9963423555230432	1.0	1.0
12120	1362	1.0	0.9232521789890916	0.9963423555230432	1.0	nan
12150	1362	1.0	0.9240060640221295	0.9963423555230432	1.0	nan
12180	1362	1.0	0.9247452824701708	0.9963423555230432	1.0	nan
12210	1362	1.0	0.9254702581273039	0.9963423555230432	1.0	1.0
12240	1362	1.0	0.9261813289909021	0.9970717423133236	1.0	1.0
12270	1362	1.0	0.9268790280514606	0.9970717423133236	1.0	1.0
12300	1362	1.0	0.9275637298421333	0.9970717423133236	1.0	1.0
12330	1362	1.0	0.9282356611797175	0.9970717423133236	1.0	nan
12360	1362	1.0	0.9288952411028645	0.9970717423133236	1.0	nan
12390	1362	1.0	0.9295427374324883	0.9970717423133236	1.0	1.0
12420	1362	1.0	0.9301786847856077	0.9978021978021978	1.0	nan
12450	1362	1.0	0.9308032532936734	0.9978021978021978	1.0	nan
12480	1362	1.0	0.9314165672886884	0.9978021978021978	1.0	1.0
12510	1362	1.0	0.9320192672100487	0.9978021978021978	1.0	nan
12540	1362	1.0	0.9326114179665944	0.9978021978021978	1.0	1.0
12570	1362	1.0	0.9331932954508037	0.9978021978021978	1.0	nan
12600	1362	1.0	0.9337652832893729	0.9978021978021978	1.0	nan
12630	1362	1.0	0.9343275508533272	0.9978021978021978	1.0	1.0
12660	1362	1.0	0.9348803349002112	0.9978021978021978	1.0	nan
12690	1362	1.0	0.9354238741475779	0.998533724340176	1.0	1.0
12720	1362	1.0	0.935958447531508	0.998533724340176	1.0	nan
12750	1362	1.0	0.9364842463378962	0.998533724340176	1.0	nan
12780	1362	1.0	0.9370014432809797	0.998533724340176	1.0	nan
12810	1362	1.0	0.9375103043354092	0.998533724340176	1.0	nan
12840	1362	1.0	0.9380109999231594	0.998533724340176	1.0	nan
12870	1362	1.0	0.938503756862928	0.998533724340176	1.0	nan
12900	1362	1.0	0.9389887312135665	0.998533724340176	1.0	nan
12930	1362	1.0	0.9394661161647462	0.998533724340176	1.0	nan
12960	1362	1.0	0.9399360884829243	0.998533724340176	1.0	nan
12990	1362	1.0	0.9403987919988371	0.998533724340176	1.0	nan
13020	1362	1.0	0.9408544203169908	0.998533724340176	1.0	nan
13050	1362	1.0	0.9413032168537989	0.998533724340176	1.0	nan
13080	1362	1.0	0.9417452242496879	0.9992663242846662	1.0	nan
13110	1362	1.0	0.942180513468698	0.9992663242846662	1.0	nan
13140	1362	1.0	0.9426094952044678	0.9992663242846662	1.0	nan
13170	1362	1.0	0.9430320960101809	0.9992663242846662	1.0	nan
13200	1362	1.0	0.9434485186700949	0.9992663242846662	1.0	nan
13230	1362	1.0	0.9438588399736361	0.9992663242846662	1.0	nan
13260	1362	1.0	0.9442633634973925	0.9992663242846662	1.0	nan
13290	1362	1.0	0.9446620430911381	0.9992663242846662	1.0	nan
13320	1362	1.0	0.9450550217468611	0.9992663242846662	1.0	nan
13350	1362	1.0	0.9454425331814016	0.9992663242846662	1.0	nan
13380	1362	1.0	0.9458246143794504	0.9992663242846662	1.0	nan
13410	1362	1.0	0.9462013134763123	0.9992663242846662	1.0	nan
13440	1362	1.0	0.9465728434557782	0.9992663242846662	1.0	nan
13470	1362	1.0	0.9469392564766443	0.9992663242846662	1.0	nan
13500	1362	1.0	0.9473007184946278	0.9992663242846662	1.0	nan
13530	1362	1.0	0.9476572564086136	0.9992663242846662	1.0	nan
13560	1362	1.0	0.9480090275809903	0.9992663242846662	1.0	nan
13590	1362	1.0	0.948356090196157	0.9992663242846662	1.0	nan
13620	1362	1.0	0.9486985488364834	0.9992663242846662	1.0	nan
13650	1362	1.0	0.9490364962856884	0.9992663242846662	1.0	nan
13680	1362	1.0	0.9493699746922118	0.9992663242846662	1.0	nan
13710	1362	1.0	0.9496992073629177	0.9992663242846662	1.0	nan
13740	1362	1.0	0.9500241414132582	0.9992663242846662	1.0	nan
13770	1362	1.0	0.950344904378489	0.9992663242846662	1.0	nan
13800	1362	1.0	0.9506615760525469	0.9992663242846662	1.0	nan
13830	1362	1.0	0.9509742342285774	0.9992663242846662	1.0	nan
13860	1362	1.0	0.9512829547188393	0.9992663242846662	1.0	nan
13890	1362	1.0	0.951587824174188	0.9992663242846662	1.0	nan
13920	1362	1.0	0.9518888751871418	0.9992663242846662	1.0	nan
13950	1362	1.0	0.9521861968621417	0.9992663242846662	1.0	nan
13980	1362	1.0	0.9524799110474303	0.9992663242846662	1.0	nan
14010	1362	1.0	0.9527700160214152	0.9992663242846662	1.0	nan
14040	1362	1.0	0.953056600369058	0.9992663242846662	nan	nan
14070	1362	1.0	0.9533397277897976	1.0	nan	nan
14100	1362	1.0	0.9536194530154769	1.0	1.0	nan
14130	1362	1.0	0.9538958590777279	1.0	1.0	nan
14160	1362	1.0	0.9541690576648211	1.0	1.0	nan
14190	1362	1.0	0.9544388897464973	1.0	1.0	nan
14220	1362	1.0	0.9547056361602222	1.0	nan	nan
14250	1362	1.0	0.9549692773177161	1.0	1.0	nan
14280	1362	1.0	0.9552299322376406	1.0	nan	nan
14310	1362	1.0	0.955487508018811	1.0	nan	nan
14340	1362	1.0	0.9557420632901473	1.0	nan	nan
14370	1362	1.0	0.955993849173692	1.0	1.0	nan
14400	1362	1.0	0.9562427483059154	1.0	1.0	nan
14430	1362	1.0	0.9564888479071387	1.0	1.0	nan
14460	1362	1.0	0.9567321948901276	1.0	nan	nan
14490	1362	1.0	0.9569728346254238	1.0	1.0	nan
14520	1362	1.0	0.9572108126783266	1.0	1.0	nan
14550	1362	1.0	0.9574461105476876	1.0	1.0	nan
14580	1362	1.0	0.9576790306857821	1.0	1.0	nan
14610	1362	1.0	0.9579092098966129	1.0	nan	nan
14640	1362	1.0	0.9581369567105181	1.0	nan	nan
14670	1362	1.0	0.9583622786993535	1.0	1.0	nan
14700	1362	1.0	0.9585851510791196	1.0	1.0	nan
14730	1362	1.0	0.9588056976286427	1.0	nan	nan
14760	1362	1.0	0.9590238842259979	1.0	1.0	nan
14790	1362	1.0	0.9592397722672582	1.0	1.0	nan
14820	1362	1.0	0.9594533493640015	1.0	nan	nan
14850	1362	1.0	0.9596647933551109	1.0	nan	nan
14880	1362	1.0	0.9598739380931762	1.0	1.0	nan
14910	1362	1.0	0.9600810427354184	1.0	1.0	nan
14940	1362	1.0	0.9602859659095616	1.0	nan	nan
14970	1362	1.0	0.9604888420917128	1.0	1.0	nan
15000	1362	1.0	0.9606895699802973	1.0	1.0	nan
15030	1362	1.0	0.9608882893660388	1.0	1.0	nan
15060	1362	1.0	0.9610850477254489	1.0	1.0	nan
15090	1362	1.0	0.9612797928765396	1.0	nan	nan
15120	1362	1.0	0.961472618485496	1.0	1.0	nan
15150	1362	1.0	0.961663534210994	1.0	nan	nan
15180	1362	1.0	0.9618525671642233	1.0	1.0	nan
15210	1362	1.0	0.9620397175064093	1.0	1.0	nan
15240	1362	1.0	0.96222509529618	1.0	1.0	nan
15270	1362	1.0	0.9624086438583135	1.0	1.0	nan
15300	1362	1.0	0.9625904211870883	1.0	1.0	nan
15330	1362	1.0	0.9627704417247799	1.0	1.0	1.0
15360	1362	1.0	0.9629488208953978	1.0	nan	1.0
15390	1362	1.0	0.9631253417395323	1.0	nan	1.0
15420	1362	1.0	0.9633002669312676	1.0	1.0	nan
15450	1362	1.0	0.9634735392998027	1.0	1.0	1.0
15480	1362	1.0	0.9636451837112248	1.0	nan	1.0
15510	1362	1.0	0.9638151465984567	1.0	1.0	1.0
15540	1362	1.0	0.9639836814253707	1.0	1.0	nan
15570	1362	1.0	0.9641505723590772	1.0	1.0	1.0
15600	1362	1.0	0.9643159272442438	1.0	nan	1.0
15630	1362	1.0	0.9644797638582062	1.0	1.0	1.0
15660	1362	1.0	0.9646421024682069	1.0	1.0	nan
15690	1362	1.0	0.9648029351956033	1.0	nan	1.0
15720	1362	1.0	0.9649623159617072	1.0	1.0	nan
15750	1362	1.0	0.965120299563862	1.0	nan	nan
15780	1362	1.0	0.9652768852867856	1.0	1.0	1.0
15810	1362	1.0	0.9654320701567899	1.0	1.0	1.0
15840	1362	1.0	0.9655858056576068	1.0	1.0	1.0
15870	1362	1.0	0.9657382136472534	1.0	nan	1.0
15900	1362	1.0	0.9658892776721463	1.0	1.0	1.0
15930	1362	1.0	0.9660390153281512	1.0	nan	nan
15960	1362	1.0	0.966187438223202	1.0	1.0	1.0
15990	1362	1.0	0.9663345812893683	1.0	nan	1.0
16020	1362	1.0	0.9664804434669123	1.0	nan	1.0
16050	1362	1.0	0.9666251011541883	1.0	1.0	1.0
16080	1362	1.0	0.9667684083541132	1.0	1.0	1.0
16110	1362	1.0	0.9669105224080767	1.0	nan	1.0
16140	1362	1.0	0.967051517333524	1.0	nan	1.0
16170	1362	1.0	0.967191196611877	1.0	1.0	1.0
16200	1362	1.0	0.9673297455005002	1.0	1.0	1.0
16230	1362	1.0	0.9674671291494804	1.0	1.0	1.0
16260	1362	1.0	0.967603362092827	1.0	1.0	1.0
16290	1362	1.0	0.9677384590270085	1.0	nan	1.0
16320	1362	1.0	0.9678724338130388	1.0	1.0	1.0
16350	1362	1.0	0.9680053004606463	1.0	nan	1.0
16380	1362	1.0	0.9681370340124832	1.0	1.0	1.0
16410	1362	1.0	0.9682677639141857	1.0	1.0	1.0
16440	1362	1.0	0.9683973874326699	1.0	1.0	1.0
16470	1362	1.0	0.9685259562497692	1.0	nan	1.0
16500	1362	1.0	0.9686535286710986	1.0	1.0	1.0
16530	1362	1.0	0.9687799808899117	1.0	nan	1.0
16560	1362	1.0	0.9689054617195343	1.0	nan	1.0
16590	1362	1.0	0.9690299359244304	1.0	nan	1.0
16620	1362	1.0	0.9691533583619584	1.0	nan	1.0
16650	1362	1.0	0.9692759242860026	1.0	nan	1.0
16680	1362	1.0	0.9693974579129062	1.0	nan	1.0
16710	1362	1.0	0.9695179633598069	1.0	1.0	1.0
16740	1362	1.0	0.9696376633445637	1.0	nan	1.0
16770	1362	1.0	0.9697563575173328	1.0	nan	1.0
16800	1362	1.0	0.9698740589883981	1.0	nan	1.0
16830	1362	1.0	0.9699909833398312	1.0	1.0	1.0
16860	1362	1.0	0.9701069364277115	1.0	1.0	1.0
16890	1362	1.0	0.9702219518069752	1.0	nan	1.0
16920	1362	1.0	0.9703361753196723	1.0	1.0	1.0
16950	1362	1.0	0.9704494809633875	1.0	nan	1.0
16980	1362	1.0	0.9705619247637283	1.0	1.0	1.0
17010	1362	1.0	0.9706735156384061	1.0	1.0	1.0
17040	1362	1.0	0.9707842639120542	1.0	1.0	1.0
17070	1362	1.0	0.9708941981756011	1.0	nan	1.0
17100	1362	1.0	0.9710032596262227	1.0	1.0	1.0
17130	1362	1.0	0.9711115462164684	1.0	nan	1.0
17160	1362	1.0	0.9712190168085654	1.0	nan	1.0
17190	1362	1.0	0.9713256911602126	1.0	1.0	1.0
17220	1362	1.0	0.9714315773593667	1.0	1.0	1.0
17250	1362	1.0	0.9715366911052044	1.0	1.0	1.0
17280	1362	1.0	0.9716410206863828	1.0	1.0	1.0
17310	1362	1.0	0.9717446761739632	1.0	1.0	1.0
17340	1362	1.0	0.9718473957507275	1.0	nan	1.0
17370	1362	1.0	0.9719494907668487	1.0	nan	1.0
17400	1362	1.0	0.9720508279675534	1.0	nan	1.0
17430	1362	1.0	0.9721514347630686	1.0	1.0	1.0
17460	1362	1.0	0.9722512979461483	1.0	1.0	1.0
17490	1362	1.0	0.9723504941303426	1.0	1.0	1.0
17520	1362	1.0	0.9724489598482222	1.0	1.0	1.0
17550	1362	1.0	0.9725467269426417	1.0	1.0	1.0
17580	1362	1.0	0.9726437574237374	1.0	1.0	1.0
17610	1362	1.0	0.9727401220766644	1.0	1.0	1.0
17640	1362	1.0	0.9728358510037919	1.0	1.0	1.0
17670	1362	1.0	0.9729309533484393	1.0	1.0	1.0
17700	1362	1.0	0.9730253353409459	1.0	1.0	1.0
17730	1362	1.0	0.9731190572057832	1.0	1.0	1.0
17760	1362	1.0	0.9732121385031475	1.0	1.0	1.0
17790	1362	1.0	0.9733044762795725	1.0	nan	1.0
17820	1362	1.0	0.9733963724099489	1.0	1.0	1.0
17850	1362	1.0	0.9734874718746889	1.0	nan	1.0
17880	1362	1.0	0.9735780890416821	1.0	nan	1.0
17910	1362	1.0	0.9736680197231252	1.0	1.0	1.0
17940	1362	1.0	0.9737573401992039	1.0	nan	1.0
17970	1362	1.0	0.9738460568532126	1.0	nan	1.0
18000	1362	1.0	0.9739342355307739	1.0	1.0	1.0
18030	1362	1.0	0.9740217027384939	1.0	nan	1.0
18060	1362	1.0	0.9741086253673826	1.0	nan	1.0
18090	1362	1.0	0.9741949414272394	1.0	nan	1.0
18120	1362	1.0	0.974280792244602	1.0	nan	1.0
18150	1362	1.0	0.9743659770191108	1.0	nan	1.0
18180	1362	1.0	0.9744506663947377	1.0	nan	1.0
18210	1362	1.0	0.9745347735969669	1.0	nan	1.0
18240	1362	1.0	0.9746183112384484	1.0	1.0	1.0
18270	1362	1.0	0.9747013113517584	nan	1.0	1.0
18300	1362	1.0	0.9747837703918139	1.0	1.0	1.0
18330	1362	1.0	0.9748656935441333	1.0	nan	1.0
18360	1362	1.0	0.9749470863091638	nan	nan	1.0
18390	1362	1.0	0.9750279534298381	1.0	nan	1.0
18420	1362	1.0	0.9751083003692164	1.0	nan	1.0
18450	1362	1.0	0.9751881318471981	nan	nan	1.0
18480	1362	1.0	0.9752674505478527	1.0	nan	1.0
18510	1362	1.0	0.9753462400521055	nan	nan	1.0
18540	1362	1.0	0.9754245831680504	nan	nan	1.0
18570	1362	1.0	0.9755024021876277	nan	nan	1.0
18600	1362	1.0	0.9755797294891274	1.0	1.0	1.0
18630	1362	1.0	0.975656587940419	nan	1.0	1.0
18660	1362	1.0	0.9757329292041733	1.0	1.0	1.0
18690	1362	1.0	0.9758088105009667	1.0	1.0	1.0
18720	1362	1.0	0.9758842187187452	1.0	nan	1.0
18750	1362	1.0	0.9759591582797398	nan	1.0	1.0
18780	1362	1.0	0.9760336334303589	nan	1.0	1.0
18810	1362	1.0	0.9761076515747521	nan	1.0	1.0
18840	1362	1.0	0.9761812082772313	nan	nan	1.0
18870	1362	1.0	0.9762543162211432	nan	nan	1.0
18900	1362	1.0	0.976326994008808	1.0	1.0	1.0
18930	1362	1.0	0.9763991938499331	nan	nan	1.0
18960	1362	1.0	0.976470913557006	nan	nan	1.0
18990	1362	1.0	0.9765423121890687	1.0	1.0	1.0
19020	1362	1.0	0.9766132258684852	nan	1.0	1.0
19050	1362	1.0	0.9766836562387853	1.0	1.0	1.0
19080	1362	1.0	0.9767537700863551	1.0	nan	1.0
19110	1362	1.0	0.9768234106317059	nan	1.0	1.0
19140	1362	1.0	0.9768926351736933	nan	1.0	1.0
19170	1362	1.0	0.9769615152684576	nan	1.0	1.0
19200	1362	1.0	0.9770298509479818	nan	nan	1.0
19230	1362	1.0	0.9770978496849286	nan	1.0	1.0
19260	1362	1.0	0.9771653901142621	nan	nan	1.0
19290	1362	1.0	0.9772326461858052	1.0	nan	1.0
19320	1362	1.0	0.9772994512997859	1.0	nan	1.0
19350	1362	1.0	0.9773658811031177	1.0	1.0	1.0
19380	1362	1.0	0.9774318920485252	nan	1.0	1.0
19410	1362	1.0	0.9774975499630192	nan	nan	1.0
19440	1362	1.0	0.9775628191683209	nan	1.0	1.0
19470	1362	1.0	0.9776276012830161	1.0	1.0	1.0
19500	1362	1.0	0.977692190863735	nan	1.0	1.0
19530	1362	1.0	0.9777563647940375	1.0	1.0	1.0
19560	1362	1.0	0.9778201804217725	nan	1.0	1.0
19590	1362	1.0	0.9778835086798167	1.0	1.0	1.0
19620	1362	1.0	0.9779465536161456	1.0	1.0	1.0
19650	1362	1.0	0.978009240521934	nan	1.0	1.0
19680	1362	1.0	0.9780715720612618	1.0	nan	1.0
19710	1362	1.0	0.9781335940817284	1.0	1.0	nan
19740	1362	1.0	0.9781951810668955	nan	nan	1.0
19770	1362	1.0	0.9782564644543753	1.0	1.0	1.0
19800	1362	1.0	0.9783174043290679	1.0	1.0	nan
19830	1362	1.0	0.9783780139680865	nan	1.0	nan
19860	1362	1.0	0.9784382689658472	1.0	1.0	nan
19890	1362	1.0	0.9784981915180417	nan	nan	nan
19920	1362	1.0	0.9785578075289434	nan	1.0	nan
19950	1362	1.0	0.9786170507000558	nan	1.0	nan
19980	1362	1.0	0.9786760504911257	nan	1.0	1.0
20010	1362	1.0	0.9787346030199225	1.0	nan	1.0
20040	1362	1.0	0.9787928958923434	nan	1.0	nan
20070	1362	1.0	0.9788508699341111	1.0	1.0	1.0
20100	1362	1.0	0.9789085278246182	1.0	1.0	nan
20130	1362	1.0	0.97896587229257	1.0	nan	nan
20160	1362	1.0	0.9790229058833279	1.0	nan	nan
20190	1362	1.0	0.9790796309292205	nan	nan	nan
20220	1362	1.0	0.9791360500002192	1.0	1.0	nan
20250	1362	1.0	0.9791920826713038	nan	1.0	nan
20280	1362	1.0	0.979247960626425	1.0	nan	nan
20310	1362	1.0	0.9793034960600674	nan	1.0	nan
20340	1362	1.0	0.9793587157259236	nan	1.0	nan
20370	1362	1.0	0.9794136427222215	1.0	1.0	1.0
20400	1362	1.0	0.9794682757921692	nan	1.0	nan
20430	1362	1.0	0.9795226354624582	nan	1.0	nan
20460	1362	1.0	0.9795767259547409	1.0	nan	1.0
20490	1362	1.0	0.9796304523934852	1.0	1.0	nan
20520	1362	1.0	0.9796839434160615	nan	nan	nan
20550	1362	1.0	0.9797371542399292	nan	nan	1.0
20580	1362	1.0	0.9797901600058821	nan	nan	nan
20610	1362	1.0	0.9798427860590404	1.0	1.0	nan
20640	1362	1.0	0.9798951273489517	1.0	nan	nan
20670	1362	1.0	0.9799472391536976	1.0	1.0	1.0
20700	1362	1.0	0.9799990813886535	nan	nan	nan
20730	1362	1.0	0.9800506563274723	1.0	1.0	nan
20760	1362	1.0	0.9801019660205994	nan	nan	nan
20790	1362	1.0	0.9801530122327504	nan	nan	nan
20820	1362	1.0	0.980203849568058	nan	nan	nan
20850	1362	1.0	0.9802543233756884	nan	1.0	1.0
20880	1362	1.0	0.9803045431019306	1.0	1.0	1.0
20910	1362	1.0	0.9803546053506629	1.0	nan	nan
20940	1362	1.0	0.9804043653935229	nan	nan	1.0
20970	1362	1.0	0.9804538738812048	1.0	nan	nan
21000	1362	1.0	0.9805031327840096	1.0	nan	nan
21030	1362	1.0	0.9805522106494217	nan	1.0	nan
21060	1362	1.0	0.9806009277060361	nan	nan	nan
21090	1362	1.0	0.98064943140976	nan	1.0	1.0
21120	1362	1.0	0.980697710800328	nan	nan	1.0
21150	1362	1.0	0.9807457777284853	nan	1.0	1.0
21180	1362	1.0	0.9807935506284059	nan	nan	nan
21210	1362	1.0	0.9808411146292937	1.0	1.0	1.0
21240	1362	1.0	0.9808884435295776	nan	1.0	1.0
21270	1362	1.0	0.9809355941103998	nan	1.0	nan
21300	1362	1.0	0.9809824032757278	nan	nan	1.0
21330	1362	1.0	0.9810290375360122	nan	nan	1.0
21360	1362	1.0	0.9810753832997653	nan	nan	1.0
21390	1362	1.0	0.9811216233479482	nan	1.0	1.0
21420	1362	1.0	0.9811675992723904	1.0	1.0	nan
21450	1362	1.0	0.9812133097154688	nan	1.0	1.0
21480	1362	1.0	0.9812588197681064	nan	1.0	1.0
21510	1362	1.0	0.981304124220998	1.0	1.0	1.0
21540	1362	1.0	0.9813492523328359	nan	1.0	nan
21570	1362	1.0	0.9813940364151504	1.0	1.0	nan
21600	1362	1.0	0.9814386762152554	nan	1.0	nan
21630	1362	1.0	0.981483102218327	1.0	nan	nan
21660	1362	1.0	0.9815273076851063	nan	nan	nan
21690	1362	1.0	0.9815713192946312	1.0	nan	nan
21720	1362	1.0	0.9816151100080894	1.0	1.0	nan
21750	1362	1.0	0.9816586996808162	nan	nan	nan
21780	1362	1.0	0.981702080085986	1.0	nan	nan
21810	1362	1.0	0.9817452555498994	nan	nan	nan
21840	1362	1.0	0.9817882277948199	nan	1.0	nan
21870	1362	1.0	0.9818309982065632	nan	nan	nan
21900	1362	1.0	0.9818736094134374	1.0	nan	nan
21930	1362	1.0	0.9819159391683445	nan	1.0	nan
21960	1362	1.0	0.9819581389317714	nan	nan	nan
21990	1362	1.0	0.9820001588297118	nan	1.0	nan
22020	1362	1.0	0.9820418717355678	nan	nan	nan
22050	1362	1.0	0.9820835426202229	nan	1.0	nan
22080	1362	1.0	0.9821248570497157	1.0	1.0	nan
22110	1362	1.0	0.9821660627146621	nan	1.0	nan
22140	1362	1.0	0.9822070788985222	1.0	1.0	nan
22170	1362	1.0	0.9822479067286762	1.0	nan	nan
22200	1362	1.0	0.9822885599540025	nan	1.0	nan
22230	1362	1.0	0.9823289396970207	nan	nan	nan
22260	1362	1.0	0.9823692738777322	nan	nan	nan
22290	1362	1.0	0.9824093616514926	1.0	1.0	nan
22320	1362	1.0	0.9824492640194658	nan	nan	nan
22350	1362	1.0	0.9824889927800224	1.0	1.0	nan
22380	1362	1.0	0.9825285385887579	1.0	nan	nan
22410	1362	1.0	0.9825679484437061	1.0	1.0	nan
22440	1362	1.0	0.9826070967822269	nan	nan	nan
22470	1362	1.0	0.9826461115449856	nan	1.0	nan
22500	1362	1.0	0.9826849515681693	1.0	nan	nan
22530	1362	1.0	0.9827236183885381	1.0	1.0	nan
22560	1362	1.0	0.9827621451676268	1.0	1.0	nan
22590	1362	1.0	0.982800435857192	nan	1.0	nan
22620	1362	1.0	0.9828385890232144	nan	nan	nan
22650	1362	1.0	0.9828765732951217	1.0	1.0	nan
22680	1362	1.0	0.9829143168205887	1.0	nan	nan
22710	1362	1.0	0.9829520747427015	nan	1.0	nan
22740	1362	1.0	0.9829895238977651	nan	nan	nan
22770	1362	1.0	0.9830267636841897	nan	nan	nan
22800	1362	1.0	0.9830640000847279	1.0	1.0	nan
22830	1362	1.0	0.9831009941555029	1.0	1.0	nan
22860	1362	1.0	0.9831378991158682	nan	nan	nan
22890	1362	1.0	0.9831744994586968	nan	nan	nan
22920	1362	1.0	0.9832110130502143	nan	1.0	nan
22950	1362	1.0	0.9832473682881172	1.0	nan	nan
22980	1362	1.0	0.9832835663672301	1.0	1.0	nan
23010	1362	1.0	0.9833196138438435	nan	nan	nan
23040	1362	1.0	0.983355495629787	1.0	1.0	nan
23070	1362	1.0	0.9833912284921907	1.0	nan	nan
23100	1362	1.0	0.9834268016831249	nan	nan	nan
23130	1362	1.0	0.9834622574649311	1.0	nan	nan
23160	1362	1.0	0.98349751265244	1.0	1.0	nan
23190	1362	1.0	0.9835326389812196	nan	nan	nan
23220	1362	1.0	0.9835676161616846	nan	1.0	nan
23250	1362	1.0	0.983602445068662	1.0	1.0	nan
23280	1362	1.0	0.9836370651424012	1.0	nan	nan
23310	1362	1.0	0.9836716618160657	1.0	1.0	nan
23340	1362	1.0	0.9837060515173028	1.0	1.0	nan
23370	1362	1.0	0.9837403058748629	nan	1.0	nan
23400	1362	1.0	0.9837743981777191	nan	nan	nan
23430	1362	1.0	0.9838084198814652	1.0	nan	nan
23460	1362	1.0	0.9838421738540967	1.0	nan	nan
23490	1362	1.0	0.983875849812591	nan	nan	nan
23520	1362	1.0	0.9839093856756099	1.0	nan	nan
23550	1362	1.0	0.9839428348440972	1.0	1.0	nan
23580	1362	1.0	0.98397604065835	1.0	1.0	nan
23610	1362	1.0	0.9840091350761789	1.0	1.0	nan
23640	1362	1.0	0.9840421456759069	1.0	1.0	nan
23670	1362	1.0	0.9840749420099141	1.0	nan	nan
23700	1362	1.0	0.9841077075282498	nan	1.0	nan
23730	1362	1.0	0.9841402868509026	nan	nan	nan
23760	1362	1.0	0.984172732857455	nan	nan	nan
23790	1362	1.0	0.9842050463889314	1.0	nan	nan
23820	1362	1.0	0.98423722824661	1.0	1.0	nan
23850	1362	1.0	0.984269279235433	nan	1.0	nan
23880	1362	1.0	0.9843012001406144	nan	1.0	nan
23910	1362	1.0	0.9843329917533099	1.0	1.0	nan
23940	1362	1.0	0.9843647306439037	1.0	1.0	1.0
23970	1362	1.0	0.984396190164634	1.0	nan	1.0
24000	1362	1.0	0.9844275987685035	1.0	1.0	1.0
24030	1362	1.0	0.9844589068608548	1.0	1.0	nan
24060	1362	1.0	0.9844900793868416	nan	nan	nan
24090	1362	1.0	0.9845210699258223	1.0	nan	nan
24120	1362	1.0	0.9845519781374679	1.0	nan	nan
24150	1362	1.0	0.9845827631761924	1.0	1.0	nan
24180	1362	1.0	0.9846134485483187	1.0	nan	1.0
24210	1362	1.0	0.9846439665956703	1.0	nan	1.0
24240	1362	1.0	0.9846743063311332	1.0	1.0	1.0
24270	1362	1.0	0.9847046860103139	1.0	1.0	1.0
24300	1362	1.0	0.984734866008194	nan	1.0	nan
24330	1362	1.0	0.9847649271952195	nan	nan	nan
24360	1362	1.0	0.9847948700953274	nan	1.0	1.0
24390	1362	1.0	0.9848246955989397	1.0	nan	1.0
24420	1362	1.0	0.9848544091208531	nan	1.0	nan
24450	1362	1.0	0.9848839295552683	1.0	1.0	1.0
24480	1362	1.0	0.9849134514504121	1.0	nan	1.0
24510	1362	1.0	0.9849428366720815	1.0	nan	nan
24540	1362	1.0	0.9849720850093875	1.0	nan	1.0
24570	1362	1.0	0.9850012199891188	1.0	nan	1.0
24600	1362	1.0	0.9850302422215785	1.0	1.0	1.0
24630	1362	1.0	0.9850591523568675	1.0	nan	1.0
24660	1362	1.0	0.9850879510462643	nan	1.0	1.0
24690	1362	1.0	0.9851166389299999	nan	1.0	nan
24720	1362	1.0	0.9851452166440495	1.0	nan	nan
24750	1362	1.0	0.9851736914341125	nan	nan	1.0
24780	1362	1.0	0.9852020440938304	nan	1.0	1.0
24810	1362	1.0	0.9852302543564405	nan	nan	nan
24840	1362	1.0	0.985258438409003	nan	1.0	1.0
24870	1362	1.0	0.9852864746960266	nan	1.0	1.0
24900	1362	1.0	0.9853145024038463	nan	1.0	1.0
24930	1362	1.0	0.985342228534427	nan	1.0	1.0
24960	1362	1.0	0.9853699473095161	1.0	nan	1.0
24990	1362	1.0	0.9853975614998511	nan	1.0	1.0
25020	1362	1.0	0.9854250715314005	1.0	1.0	1.0
25050	1362	1.0	0.9854524782129384	nan	1.0	nan
25080	1362	1.0	0.9854797455770692	nan	1.0	1.0
25110	1362	1.0	0.9855069833585504	1.0	nan	nan
25140	1362	1.0	0.985534160178763	nan	nan	nan
25170	1362	1.0	0.9855610816443142	1.0	1.0	1.0
25200	1362	1.0	0.9855879796304851	1.0	1.0	1.0
25230	1362	1.0	0.9856147775730746	nan	nan	nan
25260	1362	1.0	0.9856414760505036	nan	nan	nan
25290	1362	1.0	0.9856680391128512	nan	nan	nan
25320	1362	1.0	0.9856945839155382	nan	1.0	1.0
25350	1362	1.0	0.9857209801609538	nan	nan	1.0
25380	1362	1.0	0.9857472862527275	nan	nan	1.0
25410	1362	1.0	0.9857735551644918	1.0	1.0	1.0
25440	1362	1.0	0.9857996086815916	1.0	1.0	1.0
25470	1362	1.0	0.9858256494629863	1.0	1.0	1.0
25500	1362	1.0	0.9858515484371784	1.0	1.0	1.0
25530	1362	1.0	0.9858773760033869	1.0	nan	1.0
25560	1362	1.0	0.9859031095604475	1.0	nan	1.0
25590	1362	1.0	0.9859287493940786	nan	nan	1.0
25620	1362	1.0	0.9859542961890403	nan	1.0	nan
25650	1362	1.0	0.9859797799686577	nan	1.0	1.0
25680	1362	1.0	0.9860051648818745	nan	1.0	1.0
25710	1362	1.0	0.9860303829985431	nan	nan	nan
25740	1362	1.0	0.9860556023432899	nan	1.0	nan
25770	1362	1.0	0.9860806512141423	nan	1.0	1.0
25800	1362	1.0	0.9861057085577638	1.0	1.0	1.0
25830	1362	1.0	0.9861305956286542	nan	nan	nan
25860	1362	1.0	0.986155315585387	1.0	nan	nan
25890	1362	1.0	0.9861801101103259	1.0	nan	1.0
25920	1362	1.0	0.9862047532074646	nan	nan	1.0
25950	1362	1.0	0.9862293085138863	nan	1.0	nan
25980	1362	1.0	0.9862537763956182	1.0	1.0	nan
26010	1362	1.0	0.9862781577538358	nan	1.0	nan
26040	1362	1.0	0.986302452654811	nan	nan	nan
26070	1362	1.0	0.9863266617021854	nan	nan	1.0
26100	1362	1.0	0.9863507853086044	nan	nan	1.0
26130	1362	1.0	0.9863748228652444	1.0	nan	nan
26160	1362	1.0	0.9863987140907811	nan	nan	nan
26190	1362	1.0	0.9864226481060968	nan	nan	1.0
26220	1362	1.0	0.9864464345089209	nan	nan	1.0
26250	1362	1.0	0.9864700573048119	nan	nan	nan
26280	1362	1.0	0.9864937581557891	1.0	nan	nan
26310	1362	1.0	0.9865172962709841	1.0	nan	nan
26340	1362	1.0	0.9865407377653925	nan	1.0	nan
26370	1362	1.0	0.9865641272354229	nan	nan	1.0
26400	1362	1.0	0.986587358720479	nan	1.0	nan
26430	1362	1.0	0.9866106340428148	1.0	1.0	1.0
26460	1362	1.0	0.9866337668279394	nan	1.0	1.0
26490	1362	1.0	0.9866568776198561	nan	1.0	nan
26520	1362	1.0	0.9866797935636592	nan	1.0	nan
26550	1362	1.0	0.9867026677845323	nan	nan	nan
26580	1362	1.0	0.9867255043902917	nan	1.0	nan
26610	1362	1.0	0.9867482423599493	nan	nan	1.0
26640	1362	1.0	0.986770902560028	nan	nan	nan
26670	1362	1.0	0.9867934854143047	nan	nan	1.0
26700	1362	1.0	0.9868159912750503	nan	1.0	1.0
26730	1362	1.0	0.9868384205773068	1.0	nan	1.0
26760	1362	1.0	0.9868607736780555	nan	1.0	1.0
26790	1362	1.0	0.986883050991587	nan	1.0	1.0
26820	1362	1.0	0.9869052528955469	nan	nan	nan
26850	1362	1.0	0.9869273796523585	nan	1.0	1.0
26880	1362	1.0	0.9869493684090668	nan	1.0	nan
26910	1362	1.0	0.9869714343015169	nan	1.0	nan
26940	1362	1.0	0.9869933139548246	nan	1.0	1.0
26970	1362	1.0	0.9870151444496901	nan	nan	nan
27000	1362	1.0	0.987036901819564	nan	nan	1.0
27030	1362	1.0	0.9870585863795645	nan	1.0	1.0
27060	1362	1.0	0.9870802622116843	nan	1.0	nan
27090	1362	1.0	0.9871017385860408	nan	1.0	1.0
27120	1362	1.0	0.9871232274053791	nan	nan	nan
27150	1362	1.0	0.9871446270583504	nan	1.0	1.0
27180	1362	1.0	0.9871658591759287	nan	1.0	1.0
27210	1362	1.0	0.9871871853826012	1.0	1.0	1.0
27240	1362	1.0	0.9872083704987258	nan	nan	1.0
27270	1362	1.0	0.987229560888428	nan	nan	1.0
27300	1362	1.0	0.9872505312171399	1.0	nan	1.0
27330	1362	1.0	0.987271527666187	nan	1.0	1.0
27360	1362	1.0	0.9872924279979659	nan	1.0	1.0
27390	1362	1.0	0.9873132537805358	nan	1.0	1.0
27420	1362	1.0	0.9873340243739979	nan	1.0	nan
27450	1362	1.0	0.9873547973912513	1.0	1.0	nan
27480	1362	1.0	0.9873753622094799	1.0	1.0	nan
27510	1362	1.0	0.9873959301634982	1.0	1.0	1.0
27540	1362	1.0	0.9874164310785235	1.0	1.0	nan
27570	1362	1.0	0.9874369012645795	1.0	1.0	nan
27600	1362	1.0	0.9874573028190816	nan	1.0	1.0
27630	1362	1.0	0.9874775367300984	1.0	nan	1.0
27660	1362	1.0	0.987497772427614	nan	1.0	1.0
27690	1362	1.0	0.9875180068252443	nan	1.0	nan
27720	1362	1.0	0.9875380500342207	1.0	1.0	nan
27750	1362	1.0	0.9875580916556207	1.0	nan	nan
27780	1362	1.0	0.9875780688373065	nan	1.0	1.0
27810	1362	1.0	0.9875979821525249	nan	1.0	nan
27840	1362	1.0	0.9876178316495025	nan	1.0	nan
27870	1362	1.0	0.9876376176966173	nan	1.0	1.0
27900	1362	1.0	0.9876573406073167	1.0	1.0	1.0
27930	1362	1.0	0.9876770006812812	1.0	nan	nan
27960	1362	1.0	0.9876965982981908	nan	1.0	1.0
27990	1362	1.0	0.9877161335559455	1.0	1.0	1.0
28020	1362	1.0	0.9877355906888784	1.0	1.0	1.0
28050	1362	1.0	0.9877550185600106	nan	1.0	1.0
28080	1362	1.0	0.9877743690327161	nan	nan	nan
28110	1362	1.0	0.9877936583537754	nan	1.0	1.0
28140	1362	1.0	0.9878128869142984	nan	1.0	1.0
28170	1362	1.0	0.9878320549743299	1.0	1.0	1.0
28200	1362	1.0	0.9878511683350213	nan	nan	1.0
28230	1362	1.0	0.9878702107886589	nan	nan	1.0
28260	1362	1.0	0.9878891990826361	1.0	1.0	nan
28290	1362	1.0	0.987908207827449	nan	nan	1.0
28320	1362	1.0	0.9879269413063938	1.0	1.0	1.0
28350	1362	1.0	0.9879458089782561	nan	1.0	1.0
28380	1362	1.0	0.9879645615280431	nan	1.0	nan
28410	1362	1.0	0.9879833143547533	nan	1.0	nan
28440	1362	1.0	0.9880018817901253	1.0	nan	1.0
28470	1362	1.0	0.9880204499956893	nan	1.0	1.0
28500	1362	1.0	0.9880390187510993	nan	1.0	1.0
28530	1362	1.0	0.98805745577868	1.0	nan	1.0
28560	1362	1.0	0.9880758627259998	nan	nan	1.0
28590	1362	1.0	0.9880942132167742	1.0	1.0	nan
28620	1362	1.0	0.9881125072062275	nan	1.0	nan
28650	1362	1.0	0.9881307449637255	nan	1.0	1.0
28680	1362	1.0	0.9881489270409993	nan	1.0	nan
28710	1362	1.0	0.9881670534126009	nan	1.0	1.0
28740	1362	1.0	0.9881850613521778	nan	1.0	1.0
28770	1362	1.0	0.9882031402016854	nan	1.0	1.0
28800	1362	1.0	0.988221101322369	nan	1.0	1.0
28830	1362	1.0	0.9882390077615716	nan	1.0	1.0
28860	1362	1.0	0.9882568598044922	nan	1.0	1.0
28890	1362	1.0	0.9882746577614983	nan	1.0	nan
28920	1362	1.0	0.9882924018321291	nan	1.0	nan
28950	1362	1.0	0.9883100338340044	nan	1.0	1.0
28980	1362	1.0	0.9883277690025156	nan	1.0	1.0
29010	1362	1.0	0.9883453132056456	nan	nan	nan
29040	1362	1.0	0.9883629032678695	nan	1.0	1.0
29070	1362	1.0	0.9883803025000069	nan	1.0	nan
29100	1362	1.0	0.9883977023971274	nan	1.0	1.0
29130	1362	1.0	0.9884151224298972	nan	nan	nan
29160	1362	1.0	0.9884324441345207	nan	nan	nan
29190	1362	1.0	0.9884497364817264	1.0	1.0	1.0
29220	1362	1.0	0.9884669329133187	nan	1.0	nan
29250	1362	1.0	0.988484100237133	nan	1.0	nan
29280	1362	1.0	0.988501216546112	1.0	1.0	1.0
29310	1362	1.0	0.98851828204343	nan	1.0	1.0
29340	1362	1.0	0.9885352330274333	nan	1.0	1.0
29370	1362	1.0	0.988552261419922	nan	1.0	1.0
29400	1362	1.0	0.9885691759537513	1.0	1.0	1.0
29430	1362	1.0	0.98858609860011	1.0	1.0	1.0
29460	1362	1.0	0.9886028552982982	1.0	1.0	nan
29490	1362	1.0	0.9886196205648005	nan	1.0	nan
29520	1362	1.0	0.9886363367781281	nan	1.0	nan
29550	1362	1.0	0.9886530038457267	nan	1.0	nan
29580	1362	1.0	0.988669622098062	nan	1.0	nan
29610	1362	1.0	0.9886861553589069	nan	1.0	nan
29640	1362	1.0	0.9887027206689565	nan	1.0	nan
29670	1362	1.0	0.9887191860848303	nan	1.0	nan
29700	1362	1.0	0.988735611192722	nan	1.0	nan
29730	1362	1.0	0.9887519130340722	nan	1.0	nan
29760	1362	1.0	0.9887683114710486	1.0	1.0	1.0
29790	1362	1.0	0.9887845416050592	nan	1.0	nan
29820	1362	1.0	0.9888008360931188	1.0	1.0	nan
29850	1362	1.0	0.9888170244527577	nan	1.0	nan
29880	1362	1.0	0.988833234733765	nan	1.0	nan
29910	1362	1.0	0.9888492611872541	1.0	nan	nan
29940	1362	1.0	0.9888653613723714	nan	1.0	nan
29970	1362	1.0	0.9888813126122831	1.0	nan	nan
30000	1362	1.0	0.9888972693259663	nan	1.0	nan
30030	1362	1.0	0.9889131803811936	1.0	1.0	nan
30060	1362	1.0	0.988929113502437	nan	nan	nan
30090	1362	1.0	0.9889448658509168	nan	nan	nan
30120	1362	1.0	0.9889606407905932	nan	nan	1.0
30150	1362	1.0	0.9889762988081879	nan	nan	1.0
30180	1362	1.0	0.9889920560441543	1.0	1.0	nan
30210	1362	1.0	0.9890076966988868	1.0	1.0	nan
30240	1362	1.0	0.9890233194522754	nan	1.0	nan
30270	1362	1.0	0.9890388811933012	1.0	1.0	1.0
30300	1362	1.0	0.9890542743496898	nan	1.0	nan
30330	1362	1.0	0.9890698173755677	nan	1.0	nan
30360	1362	1.0	0.9890852379921279	1.0	1.0	1.0
30390	1362	1.0	0.9891006151574708	nan	1.0	nan
30420	1362	1.0	0.9891159490701543	nan	1.0	nan
30450	1362	1.0	0.9891312398970681	nan	1.0	nan
30480	1362	1.0	0.9891464878018703	nan	1.0	nan
30510	1362	1.0	0.9891617010696305	1.0	1.0	nan
30540	1362	1.0	0.9891768556484347	nan	1.0	nan
30570	1362	1.0	0.9891919759066247	nan	1.0	nan
30600	1362	1.0	0.9892070472288076	nan	1.0	nan
30630	1362	1.0	0.9892221070951002	nan	1.0	nan
30660	1362	1.0	0.989237084410664	nan	1.0	1.0
30690	1362	1.0	0.9892520369118581	nan	1.0	nan
30720	1362	1.0	0.9892669511452488	nan	1.0	nan
30750	1362	1.0	0.9892818177998364	nan	1.0	nan
30780	1362	1.0	0.989296567372451	nan	1.0	nan
30810	1362	1.0	0.9893114341026056	nan	1.0	nan
30840	1362	1.0	0.9893261853121981	1.0	1.0	nan
30870	1362	1.0	0.9893408871681165	nan	1.0	nan
30900	1362	1.0	0.9893555529271276	nan	1.0	nan
30930	1362	1.0	0.9893701783550812	nan	1.0	nan
30960	1362	1.0	0.9893847494574621	nan	1.0	nan
30990	1362	1.0	0.9893993090147316	1.0	1.0	1.0
31020	1362	1.0	0.9894138648619188	1.0	1.0	nan
31050	1362	1.0	0.9894282804566576	nan	1.0	nan
31080	1362	1.0	0.9894427068746592	nan	1.0	1.0
31110	1362	1.0	0.9894570939627652	nan	1.0	nan
31140	1362	1.0	0.9894714418871285	nan	1.0	nan
31170	1362	1.0	0.9894858143580132	nan	nan	nan
31200	1362	1.0	0.9895000209194851	nan	nan	nan
31230	1362	1.0	0.9895142523408359	nan	1.0	1.0
31260	1362	1.0	0.9895284810713735	1.0	1.0	1.0
31290	1362	1.0	0.9895425349328038	nan	nan	nan
31320	1362	1.0	0.9895567160249025	1.0	1.0	nan
31350	1362	1.0	0.9895708128634036	1.0	1.0	nan
31380	1362	1.0	0.9895848678299478	1.0	nan	nan
31410	1362	1.0	0.989598837212449	nan	1.0	nan
31440	1362	1.0	0.98961280219217	nan	1.0	nan
31470	1362	1.0	0.9896267297249882	nan	1.0	1.0
31500	1362	1.0	0.9896406199552339	nan	1.0	nan
31530	1362	1.0	0.9896544730298056	nan	1.0	nan
31560	1362	1.0	0.9896682891346975	nan	1.0	nan
31590	1362	1.0	0.9896820780176518	1.0	1.0	nan
31620	1362	1.0	0.9896958108728853	nan	1.0	1.0
31650	1362	1.0	0.9897095171720113	nan	1.0	nan
31680	1362	1.0	0.989723237239282	nan	nan	nan
31710	1362	1.0	0.9897367883496633	nan	1.0	nan
31740	1362	1.0	0.9897503398744102	1.0	1.0	nan
31770	1362	1.0	0.9897639780311839	nan	nan	nan
31800	1362	1.0	0.9897775033862249	nan	1.0	1.0
31830	1362	1.0	0.9897909930310207	nan	1.0	nan
31860	1362	1.0	0.9898044471168863	1.0	1.0	nan
31890	1362	1.0	0.9898179333464311	nan	1.0	nan
31920	1362	1.0	0.9898313175779174	nan	1.0	nan
31950	1362	1.0	0.9898445974773101	nan	nan	1.0
31980	1362	1.0	0.9898579107326646	1.0	1.0	1.0
32010	1362	1.0	0.9898711891566911	1.0	1.0	nan
32040	1362	1.0	0.989884432828437	nan	1.0	nan
32070	1362	1.0	0.9898975667447861	1.0	1.0	1.0
32100	1362	1.0	0.9899108165798219	nan	1.0	1.0
32130	1362	1.0	0.9899239568982297	nan	1.0	nan
32160	1362	1.0	0.9899370630574771	nan	1.0	nan
32190	1362	1.0	0.9899501351473609	nan	1.0	nan
32220	1362	1.0	0.9899631733169396	1.0	1.0	nan
32250	1362	1.0	0.9899761958863478	nan	1.0	nan
32280	1362	1.0	0.9899891484402724	nan	1.0	nan
32310	1362	1.0	0.9900021259972274	nan	nan	nan
