cut_off	num_rel	true_recall	SWIFT	SWIFT+forget0.1	SWIFT+forget0.2	SWIFT+forget0.5
30	31	0.015144113336590131	0.0025876460767946577	0.002549342105263158	0.002549342105263158	0.002549342105263158
60	61	0.02979970688812897	0.005091819699499165	0.005016447368421053	0.005016447368421053	0.005016447368421053
90	91	0.044455300439667805	0.007595993322203673	0.007483552631578947	0.007483552631578947	0.007483552631578947
120	121	0.05911089399120664	0.01010016694490818	0.009951476272719795	0.009951476272719795	0.009951476272719795
150	151	0.07376648754274548	0.012604340567612688	0.012418784439509828	0.012418784439509828	0.012418784439509828
180	175	0.08549096238397655	0.03437269825691119	0.03372518789747543	0.033842583639528134	0.03419304415787417
210	193	0.09428431851489985	0.02556757025289628	0.02508774210321071	0.02507796257796258	0.025048669695003245
240	208	0.10161211529066927	0.02081977878986161	0.020500689927064854	0.020516867232195698	0.02056555269922879
270	232	0.11333659013190034	0.0232243856048976	0.022852639873916468	0.022852639873916468	0.022850389047572146
300	260	0.1270151441133366	0.021777368288801408	0.021457456466121978	0.021457456466121978	0.021457456466121978
330	284	0.13873961895456766	0.037543169687908017	0.03684483653347172	0.036830501880430556	0.036782800155420285
360	308	0.15046409379579873	0.02582376121405215	0.025444031391986782	0.025444031391986782	0.025444031391986782
390	332	0.1621885686370298	0.03679179941823294	0.03613015562085102	0.03608303445277687	0.03594629709831096
420	352	0.1719589643380557	0.04646021349266374	0.04566683964711987	0.0457202234056371	0.04587514661801121
450	371	0.18124084025403028	0.04114108286438552	0.040453603750954095	0.040453603750954095	0.040449193196685565
480	397	0.19394235466536394	0.04400720520995807	0.04327447133202529	0.04327447133202529	0.04326975476839237
510	424	0.2071323888617489	0.042478585382980064	0.04183522446965959	0.041868272933741485	0.04196357878068092
540	453	0.22129946262823644	0.04536578038157613	0.04467896242232962	0.04471424341131182	0.04481598733676296
570	477	0.2330239374694675	0.047774049777178515	0.04698118782625825	0.046948818897637794	0.04684277717764902
600	501	0.24474841231069858	0.04217171717171717	0.04155607166556072	0.04155607166556072	0.04155607166556072
630	523	0.2554958475818271	0.05788760065308279	0.05689111280321984	0.056860186997173295	0.05675529028757461
660	541	0.2642892037127504	0.0872510281430489	0.08584576324976198	0.0861602165949992	0.08711755233494364
690	560	0.27357107962872496	0.09025707148053926	0.08853754940711463	0.08859357696567	0.08873395658374267
720	580	0.28334147532975085	0.07906862611455197	0.07744692215249031	0.07726122285866524	0.07669928590320021
750	600	0.29311187103077674	0.060256088375625225	0.059353051736076766	0.0593941793704217	0.05952971524952872
780	623	0.30434782608695654	0.06257847421026538	0.06164044721480162	0.06168316831683168	0.0618239555423241
810	646	0.3155837811431363	0.06490179333905718	0.06392874814448293	0.06397939982172923	0.06411910669975186
840	665	0.3248656570591109	0.10666452802970151	0.1048234552332913	0.10505529225908374	0.10572337042925278
870	691	0.33756717147044457	0.11063966055579455	0.10881889763779527	0.10912823752368919	0.11006690028671551
900	718	0.3507572056668295	0.06086293125370857	0.05998329156223893	0.05998329156223893	0.05998329156223893
930	743	0.3629702002931119	0.06300881953867028	0.06209778520685332	0.06209778520685332	0.06209778520685332
960	769	0.37567171470444555	0.07727478269611113	0.07601067510131462	0.0759581193204267	0.07579341612458111
990	796	0.3888617489008305	0.06754348748408995	0.0665663154373641	0.0665663154373641	0.0665663154373641
1020	822	0.40156326331216413	0.0825757195238704	0.08134586838198911	0.08141031989699911	0.08158808933002482
1050	850	0.4152418172936004	0.07216232277782494	0.07112375533428165	0.07112375533428165	0.07112375533428165
1080	865	0.4225696140693698	0.07352941176470588	0.07246983914209115	0.07246983914209115	0.07246983914209115
1110	892	0.43575964826575475	0.07584389082561006	0.07475069136009385	0.07475069136009385	0.07475069136009385
1140	917	0.44797264289203714	0.09216543544905746	0.09067536833778306	0.09060369528702697	0.0904160915006902
1170	942	0.4601856375183195	0.10410277662669211	0.10235792676301206	0.1023023457862728	0.10212489158716392
1200	968	0.47288715192965314	0.09728154364106448	0.09577520530325517	0.09577520530325517	0.09577520530325517
1230	996	0.4865657059110894	0.08480204342273308	0.08358509566968782	0.08358509566968782	0.08358509566968782
1260	1024	0.5002442598925256	0.10284738612970705	0.10126582278481013	0.10126582278481013	0.10126582278481013
1290	1052	0.5139228138739619	0.10562779255991124	0.10400395452298566	0.10400395452298566	0.10400395452298566
1320	1076	0.525647288715193	0.11862958573367577	0.11672814059448905	0.11672814059448905	0.11672814059448905
1350	1097	0.5359062042012701	0.14172897724537334	0.1394609712687516	0.13960295240519216	0.14003063569057952
1380	1118	0.5461651196873474	0.14440013561747742	0.14198628397256793	0.14204040147376445	0.14216683621566634
1410	1144	0.558866634098681	0.097669256381798	0.0962800875273523	0.0962800875273523	0.0962800875273523
1440	1169	0.5710796287249633	0.09984625896822685	0.09842552833207038	0.09842552833207038	0.09842552833207038
1470	1194	0.5832926233512458	0.1315593752583478	0.12940283949279288	0.12931874796924075	0.12909503730132987
1500	1212	0.592085979482169	0.133608929309738	0.13149614842139526	0.13149614842139526	0.13148188327185942
1530	1225	0.5984367366878358	0.21958323997360318	0.21597320169252468	0.21658415841584158	0.2183990016045641
1560	1248	0.6096726917440156	0.10696837233221908	0.10544993662864385	0.10544993662864385	0.10544993662864385
1590	1273	0.621885686370298	0.12819092694229722	0.12623958746529154	0.12623958746529154	0.12623958746529154
1620	1301	0.6355642403517342	0.11157804459691252	0.10999323638823132	0.10999323638823132	0.10999323638823132
1650	1319	0.6443575964826576	0.2900933346172551	0.2851275399913532	0.2859930615784909	0.28868461370102866
1680	1339	0.6541279921836834	0.1150541330125451	0.11342651418890301	0.11342651418890301	0.11342651418890301
1710	1363	0.6658524670249145	0.15036266857895175	0.14800738408079053	0.14800738408079053	0.1479913137893594
1740	1386	0.6770884220810943	0.17802610664247087	0.175	0.17495581923756628	0.17477931904161412
1770	1409	0.688324377137274	0.1870089190913028	0.18375065206051122	0.18365484880083421	0.18336803748047892
1800	1422	0.6946751343429409	0.38068119592775274	0.376090981221899	0.37950360288230583	0.38980263157894735
1830	1437	0.7020029311187103	0.24833358021088855	0.24339430894308944	0.24302384576357178	0.24187847163777143
1860	1449	0.7078651685393258	0.31423575814357935	0.30829787234042555	0.3085604770017036	0.3093509820666097
1890	1468	0.7171470444553004	0.18884368618266248	0.18612907315836186	0.186554835430169	0.18784388995521434
1920	1493	0.7293600390815828	0.12924168975069253	0.12742169497311598	0.12742169497311598	0.12742169497311598
1950	1514	0.73961895456766	0.16755664997384134	0.16503161107477654	0.1651216054095321	0.16539217828271793
1980	1538	0.7513434294088911	0.19749915729007034	0.19406940063091482	0.19387369217194	0.19331322272498744
2010	1557	0.7606253053248656	0.2065425023879925	0.20289288506645817	0.202681593335069	0.2020241339042429
2040	1568	0.7659990229604299	0.335477314363945	0.33101118851593836	0.33305012744265083	0.3392470791864994
2070	1577	0.7703957010258915	0.24144530352941707	0.23792999396499698	0.23868624186468895	0.2408736826027188
2100	1590	0.7767464582315584	0.17668139011597347	0.1740367775831874	0.17413207753805718	0.17439947351102336
2130	1598	0.7806546165119688	0.41653534910908485	0.41069133898740684	0.41324023791052494	0.4207477619799895
2160	1611	0.7870053737176356	0.16449686016240433	0.16192582169062217	0.16181197267979108	0.16150375939849623
2190	1631	0.7967757694186615	0.21047537625239454	0.2072163638673612	0.20742719063970494	0.20800918250223185
2220	1655	0.8085002442598925	0.1690932311622496	0.1665660225442834	0.1665660225442834	0.1665660225442834
2250	1676	0.8187591597459697	0.18678777409391953	0.18389291200351107	0.18389291200351107	0.18389291200351107
2280	1679	0.8202247191011236	0.5406844034469693	0.5333545108005082	0.5365931607542346	0.5467274503419082
2310	1700	0.8304836345872008	0.1742249551627496	0.17150928167877322	0.17140552530752168	0.17106057556852486
2340	1720	0.8402540302882266	0.17636503460656588	0.17384273296947644	0.17396581369475067	0.17430077016619375
2370	1733	0.8466047874938935	0.39366978381995105	0.3884779197489352	0.3906672678088368	0.3976594768242313
2400	1747	0.8534440644846116	0.26726841581925537	0.26282533473747555	0.26298359175071506	0.26345950836977833
2430	1753	0.8563751831949193	0.4684191173908399	0.4611944225203894	0.4631439894319683	0.4687165775401069
2460	1761	0.8602833414753297	0.3569112282134512	0.3498907212398172	0.3494047619047619	0.34795494961470064
2490	1771	0.8651685393258427	0.40187587459009166	0.39355555555555555	0.3927700155245065	0.3904320987654321
2520	1779	0.8690766976062531	0.47444744474652323	0.4693931398416887	0.47351610327388877	0.48593280524446875
2550	1783	0.8710307767464582	0.6448025676421387	0.6345195729537366	0.6361041740991794	0.6415976970133141
2580	1785	0.8720078163165608	0.6722460508421134	0.6635687732342007	0.6667911841613747	0.6758803483528967
2610	1798	0.8783585735222277	0.3153417810327501	0.31	0.310267471958585	0.3109650639916984
2640	1804	0.8812896922325354	0.45944225137080014	0.45201703833625656	0.45338024629303847	0.4575196550849607
2670	1813	0.885686370297997	0.43789626230300105	0.43064133016627076	0.4317694689211717	0.4347721822541966
2700	1833	0.8954567659990229	0.24016115560385654	0.23621134020618556	0.2361200566791189	0.2359073359073359
2730	1853	0.9052271617000488	0.19381831494174614	0.19105062377564697	0.19116888476219954	0.191544345668803
2760	1870	0.9135319980459209	0.195760272180117	0.19296254256526674	0.19308208569953536	0.19346161804262363
2790	1878	0.9174401563263312	0.44979342554338064	0.4416745061147695	0.4419863497293481	0.4426113598868725
2820	1886	0.9213483146067416	0.4257176178487377	0.41827456198713686	0.41864594894561596	0.4196706720071206
2850	1890	0.9233023937469468	0.5846867772940045	0.5760438890582139	0.5781584582441114	0.5847772277227723
2880	1896	0.9262335124572545	0.47831022739191337	0.47093889716840537	0.47258225324027914	0.47710115752390536
2910	1901	0.9286761113825109	0.5399855944350006	0.5333894500561167	0.5368539960463146	0.5470503597122303
2940	1905	0.9306301905227161	0.6027686222840396	0.594383775351014	0.596991538702601	0.6047619047619047
2970	1914	0.9350268685881779	0.37299035369869354	0.3670182166826462	0.36779400461183703	0.36999806688575293
3000	1921	0.9384465070835368	0.46114145112086014	0.45327984898537044	0.45402978019380763	0.4560778727445394
3030	1927	0.9413776257938447	0.508258875752981	0.5005194805194805	0.5022152723481886	0.5073723012111637
3060	1932	0.9438202247191011	0.5651601579666818	0.5596755504055619	0.5645821157218002	0.5794841031793642
3090	1934	0.9447972642892037	0.7162185458841486	0.7076472740578119	0.7107680999632489	0.7197618161518422
3120	1940	0.9477283829995115	0.3445061043291665	0.3391015556720853	0.3397548161120841	0.34160943828138757
3150	1945	0.9501709819247679	0.5339175421022216	0.5255336395568765	0.5268147345612134	0.530985530985531
3180	1950	0.9526135808500245	0.5256348051129832	0.5150554675118859	0.5139694254085398	0.5106048703849175
3210	1951	0.9531021006350757	0.7136204205112605	0.7063721940622737	0.7107468123861567	0.725278810408922
3240	1954	0.9545676599902296	0.734929599684541	0.7247774480712166	0.7266641874302715	0.7315612130288282
3270	1959	0.9570102589154861	0.5574560200030451	0.5484322508398656	0.5495091164095371	0.5526093088857545
3300	1968	0.9614069369809477	0.3768220004308178	0.3697163253804246	0.36923076923076925	0.36771300448430494
3330	1970	0.9623839765510503	0.6338427696231211	0.6253968253968254	0.6281887755102041	0.636099451081692
3360	1974	0.9643380556912555	0.6089773253153773	0.5989077669902912	0.5996354799513973	0.6016458396830234
3390	1976	0.9653150952613581	0.7052444456688876	0.6952850105559465	0.6972477064220184	0.7024528972627089
3420	1981	0.9677576941866145	0.6249704235381404	0.614454094292804	0.6148355058969585	0.6163658991910392
3450	1985	0.9697117733268197	0.582709525908994	0.5717165898617511	0.5710586881472958	0.5692572411815314
3480	1989	0.9716658524670249	0.5996438766597655	0.5909090909090909	0.5928464977645306	0.598735701384708
3510	1992	0.9731314118221788	0.7016802251382368	0.6878453038674033	0.6854783207157605	0.6777815583531813
3540	1995	0.9745969711773327	0.6164962508550765	0.6078610603290676	0.6100917431192661	0.6163113994439295
3570	1997	0.9755740107474352	0.7465015446614215	0.7396296296296296	0.7443160641073425	0.7590269859369061
3600	2005	0.9794821690278456	0.5345775704069836	0.5258326776816156	0.5266614131862358	0.5294428307367309
3630	2008	0.9809477283829995	0.6463756575692429	0.6374603174603175	0.6398980242192479	0.6469072164948454
3660	2011	0.9824132877381534	0.6682661633383106	0.6539837398373983	0.6510197474910975	0.6410583359897992
3690	2013	0.9833903273082559	0.690808173496584	0.6828358208955224	0.6865620736698499	0.6979889042995839
3720	2014	0.9838788470933073	0.7573608475183764	0.7512122342409548	0.756858323938369	0.772239263803681
3750	2017	0.9853444064484611	0.8046045789346473	0.7891236306729265	0.7848249027237354	0.7716143840856924
3780	2018	0.9858329262335125	0.7699740207321512	0.7595031990967256	0.7609351432880844	0.7643939393939394
3810	2022	0.9877870053737177	0.6130233351362149	0.6035820895522388	0.6050269299820467	0.6090361445783132
3840	2022	0.9877870053737177	0.7549364966815083	0.7497219132369299	0.7564534231200898	0.7767960046100653
3870	2028	0.9907181240840254	0.6000887705307936	0.5912536443148688	0.5929824561403508	0.5984066096193568
3900	2031	0.9921836834391793	0.6786319482600676	0.6709613478691774	0.6745267353038857	0.6861486486486487
3930	2033	0.9931607230092818	0.7519186315347732	0.7441434846266471	0.7479764532744665	0.7588652482269503
3960	2037	0.995114802149487	0.6702035780416532	0.6602917341977309	0.6615784345566742	0.665903890160183
3990	2037	0.995114802149487	0.7811652578887773	0.7757044935262757	0.781957773512476	0.8013375295043274
4020	2039	0.9960918417195896	0.8114615461148394	0.8024399842581661	0.8049743387287801	0.8094481937276697
4050	2040	0.9965803615046409	0.8474987017541464	0.8374384236453202	0.837782340862423	0.8370947886746
4080	2041	0.9970688812896922	0.872145983151087	0.8608182201602699	0.8597304128053918	0.8561241610738255
4110	2043	0.9980459208597948	0.8299601942931631	0.8194945848375451	0.8208115709120128	0.8244552058111381
4140	2044	0.9985344406448461	0.8275194395481118	0.8202247191011236	0.8245260185558693	0.8377049180327869
4170	2044	0.9985344406448461	0.8646212202699756	0.8609941027801179	0.8679405520169852	0.8890822096563723
4200	2044	0.9985344406448461	0.8887388688872527	0.8875379939209727	0.8964912280701754	0.9219666215606676
4230	2047	1.0	0.8863779327195553	0.873666239863423	0.8706933219906423	0.8593618807724601
4260	2047	1.0	0.9036832746016377	0.8946678321678322	0.8954505686789151	0.8974134151687856
4290	2047	1.0	0.9164139459367129	0.9101823032458871	0.9134315037929496	0.9241534988713318
4320	2047	1.0	0.9261721490276213	0.9224876070301938	0.9275033982782057	0.9433179723502304
4350	2047	1.0	0.9338901079516917	0.9321493624772313	0.9385602934433745	0.9574368568755847
4380	2047	1.0	0.9401471238788383	0.9398530762167125	0.9472466450717261	0.9678486997635933
4410	2047	1.0	0.9453221466777229	0.9463707813222376	0.9547574626865671	0.9756911344137273
4440	2047	1.0	0.9496734965297918	0.9516503951650395	0.9605818864382919	0.9813039309683605
4470	2047	1.0	0.9533833250781629	0.9560952825782345	0.965566037735849	0.9855560905151661
4500	2047	1.0	0.9565837619804101	0.9601313320825516	0.969682614874467	0.9888888888888889
4530	2047	1.0	0.9593729833471711	0.9637476459510358	0.9733713742272944	0.9912832929782083
4560	2047	1.0	0.9618254577629468	0.9664778092540132	0.9766221374045801	0.9932071809801067
4590	2047	1.0	0.963998700432115	0.9692234848484849	0.9794258373205742	0.9946550048590865
4620	2047	1.0	0.9659378259492196	0.9719848053181387	0.9817745803357314	0.9956225680933852
4650	2047	1.0	0.9676787365452924	0.9738344433872502	0.9836617011052379	0.9965920155793574
4680	2047	1.0	0.9692503401149639	0.9756911344137273	0.9855560905151661	0.9970774476376035
4710	2047	1.0	0.9706762029176756	0.9775549188156638	0.9869816779170685	0.9980497318381277
4740	2047	1.0	0.9719756870129376	0.9789574366331899	0.9884113954611299	0.9980497318381277
4770	2047	1.0	0.9731648851526659	0.9803639846743295	0.9893668438859352	0.9985365853658537
4800	2047	1.0	0.9742572656025775	0.9817745803357314	0.9903241412675375	0.9990239141044412
4830	2047	1.0	0.9752641894203444	0.9831892411143132	0.9912832929782083	0.9990239141044412
4860	2047	1.0	0.9761953069863403	0.9841346153846153	0.9922443044110518	0.9990239141044412
4890	2047	1.0	0.9770588750357957	0.9850818094321463	0.9932071809801067	0.99951171875
4920	2047	1.0	0.9778619683687543	0.9860308285163777	0.9936893203883496	0.99951171875
4950	2047	1.0	0.9786107390716398	0.9869816779170685	0.9941719281204469	0.99951171875
4980	2047	1.0	0.9793105223028308	0.9874577906415822	0.9946550048590865	0.99951171875
5010	2047	1.0	0.9799659625213193	0.9884113954611299	0.9951385512882839	0.99951171875
5040	2047	1.0	0.9805811520746862	0.9888888888888889	0.9956225680933852	0.99951171875
5070	2047	1.0	0.981159682553348	0.9898452611218569	0.9961070559610705	0.99951171875
5100	2047	1.0	0.9817047385409495	0.9903241412675375	0.9965920155793574	1.0
5130	2047	1.0	0.9822191474702462	0.9908034849951597	0.9965920155793574	1.0
5160	2047	1.0	0.9827054185315052	0.9912832929782083	0.9970774476376035	1.0
5190	2047	1.0	0.9831657995114446	0.9917635658914729	0.9970774476376035	1.0
5220	2047	1.0	0.9836023072965523	0.9922443044110518	0.9975633528265108	1.0
5250	2047	1.0	0.9840167491872283	0.992725509214355	0.9975633528265108	1.0
5280	2047	1.0	0.9844107622138629	0.992725509214355	0.9980497318381277	1.0
5310	2047	1.0	0.9847858084011862	0.9932071809801067	0.9980497318381277	1.0
5340	2047	1.0	0.9851432366514744	0.9936893203883496	0.9980497318381277	1.0
5370	2047	1.0	0.9854842562102526	0.9941719281204469	0.9985365853658537	1.0
5400	2047	1.0	0.9858099716418657	0.9941719281204469	0.9985365853658537	1.0
5430	2047	1.0	0.9861213905778488	0.9946550048590865	0.9985365853658537	1.0
5460	2047	1.0	0.9864194316897316	0.9946550048590865	0.9985365853658537	1.0
5490	2047	1.0	0.986704949852945	0.9951385512882839	0.9990239141044412	1.0
5520	2047	1.0	0.9869786980219853	0.9951385512882839	0.9990239141044412	1.0
5550	2047	1.0	0.9872414032246838	0.9956225680933852	0.9990239141044412	1.0
5580	2047	1.0	0.9874937243275983	0.9956225680933852	0.9990239141044412	1.0
5610	2047	1.0	0.9877362551241952	0.9961070559610705	0.9990239141044412	1.0
5640	2047	1.0	0.9879695544159743	0.9961070559610705	0.9990239141044412	1.0
5670	2047	1.0	0.9881941475767713	0.9961070559610705	0.9990239141044412	1.0
5700	2047	1.0	0.9884105105573571	0.9965920155793574	0.99951171875	1.0
5730	2047	1.0	0.9886190831987904	0.9965920155793574	0.99951171875	1.0
5760	2047	1.0	0.9888202795573084	0.9965920155793574	0.99951171875	1.0
5790	2047	1.0	0.989014489227787	0.9970774476376035	0.99951171875	1.0
5820	2047	1.0	0.989202067792149	0.9970774476376035	0.99951171875	1.0
5850	2047	1.0	0.9893833426680774	0.9970774476376035	0.99951171875	1.0
5880	2047	1.0	0.9895586341854535	0.9975633528265108	0.99951171875	1.0
5910	2047	1.0	0.9897282312735715	0.9975633528265108	0.99951171875	1.0
5940	2047	1.0	0.9898924069113099	0.9975633528265108	0.99951171875	1.0
5970	2047	1.0	0.990051417031003	0.9975633528265108	0.99951171875	1.0
